3.945464027654935535e+01 3.702234669852678128e-01
3.949731084961061356e+01 3.351225909100473688e-01
3.949179403785953468e+01 2.996302340642922335e-01
3.946555894224054839e+01 2.636972969560653079e-01
3.953078497220785437e+01 2.274539809166641335e-01
3.948244742396452978e+01 1.909336034584746544e-01
3.947874608580893607e+01 1.538196482138306231e-01
3.946885597626489783e+01 1.165777128053812894e-01
3.952906997631137642e+01 7.911100109187917118e-02
3.946616365551063410e+01 4.185757990942312601e-02
3.950600308691991813e+01 4.201811771252480891e-03
3.953922726330534232e+01 -3.310600463405680843e-02
3.940910856494770798e+01 -7.096362721327650891e-02
3.952414465130893717e+01 -1.086156164441212657e-01
3.950688661045820993e+01 -1.459520099227734902e-01
3.946494071765441447e+01 -1.830377914113298365e-01
3.949380220947752207e+01 -2.198339151233449085e-01
3.951062264172156802e+01 -2.561121560989751966e-01
3.948537356430301770e+01 -2.920899549453709332e-01
3.949905991368933655e+01 -3.277405699749592616e-01
3.946050514607003379e+01 -3.630431046777786719e-01
3.948951117191344906e+01 -3.978420773293617208e-01
3.951633398182920587e+01 -4.318050434530503745e-01
3.946563595716850159e+01 -4.650737486059250414e-01
3.950791414114917188e+01 -4.976611983081717372e-01
3.956566125305425885e+01 -5.295253072809870121e-01
3.936826178718774827e+01 -5.609698786307321106e-01
3.948884632271835926e+01 -5.919348531574479821e-01
3.958357500428400044e+01 -6.212981028891543245e-01
3.946813040492776281e+01 -6.497698169056564943e-01
3.948556054227714185e+01 -6.773158009179267580e-01
3.944144937866178680e+01 -7.040361535925629966e-01
3.952673682392935461e+01 -7.296991136372669162e-01
3.959433505357412741e+01 -7.542547047834594620e-01
3.933778246037707049e+01 -7.780882703651832433e-01
3.951789128947484642e+01 -8.012722905848216337e-01
3.959353045679392835e+01 -8.228288672279595595e-01
3.941699682001967631e+01 -8.434895242726845321e-01
3.952296681729808370e+01 -8.629712089931563801e-01
3.943784407004295645e+01 -8.812455722779592993e-01
3.951651534800930676e+01 -8.982310738994113697e-01
3.953347178519402405e+01 -9.137229865116679450e-01
3.945450030565643829e+01 -9.279625698206463991e-01
3.950100832088537572e+01 -9.409349186234372553e-01
3.947828396802015050e+01 -9.526143141385492452e-01
3.953939173363050941e+01 -9.630234064292276797e-01
3.933040711792500588e+01 -9.721155802040201133e-01
3.968070073173521450e+01 -9.799387659193411482e-01
3.956298885710566537e+01 -9.862638326128176924e-01
3.962122709229333850e+01 -9.915475809147934472e-01
3.854499358011798904e+01 -9.956601017528518005e-01
4.225906233146815794e+01 -9.985648627669200250e-01
3.477597119836718775e+01 -9.996240089501359227e-01
3.799793425851748907e+01 -9.993292658690726693e-01
4.051995475384319434e+01 -9.978895986233436988e-01
3.931111927222673330e+01 -9.950443122914731653e-01
3.949037213109113509e+01 -9.907868310486481755e-01
3.949059551151231062e+01 -9.851135016588613569e-01
3.949029343315419283e+01 -9.780231550865904344e-01
3.949057512612989740e+01 -9.695178371439993059e-01
3.949045233683568767e+01 -9.596026623614983819e-01
3.949035011527757888e+01 -9.482855217288632677e-01
3.949147966206078308e+01 -9.355786901190779048e-01
3.949705344965877885e+01 -9.214972188644924289e-01
3.946991055699777462e+01 -9.060606893101053050e-01
3.948965121521996480e+01 -8.893006654150192869e-01
3.952407347421853956e+01 -8.713154922925486767e-01
3.949969079158586283e+01 -8.519942576975143567e-01
3.946349849104149143e+01 -8.313265864396555127e-01
3.942717025197168823e+01 -8.094439950152324537e-01
3.955445908488798068e+01 -7.866901798678054281e-01
3.953099076709054316e+01 -7.631843826206502479e-01
3.944921466788105135e+01 -7.384266944585378134e-01
3.948135541027966156e+01 -7.126238885394771128e-01
3.950468852485124671e+01 -6.858284253325320767e-01
3.948531742787304211e+01 -6.582327573105636320e-01
3.947785427231548283e+01 -6.297062447539530927e-01
3.950229660117162211e+01 -6.005230264926828543e-01
3.949637224459428353e+01 -5.704973720081457644e-01
3.951754109847132668e+01 -5.396700514141822280e-01
3.946343813671171574e+01 -5.077961517688676096e-01
3.947031370617730772e+01 -4.749954992132390252e-01
3.950067019743832475e+01 -4.415774497723887748e-01
3.950379628711866076e+01 -4.076966083941426788e-01
3.949517221609633566e+01 -3.733101591524959351e-01
3.946833501709318170e+01 -3.384290617554704395e-01
3.948778708250259228e+01 -3.031338335246654969e-01
3.951335049620330153e+01 -2.676576970467824390e-01
3.948507991340653689e+01 -2.318388870314213313e-01
3.948581613155646153e+01 -1.956193900907872707e-01
3.952985171087919980e+01 -1.590249250063712205e-01
3.941790722838668870e+01 -1.220712591447803558e-01
3.950859482091285457e+01 -8.476055522173095436e-02
3.954048445236357168e+01 -4.795107527887342708e-02
3.942912804342310551e+01 -1.086508044133428948e-02
3.957707595657731048e+01 2.609217143672127454e-02
3.945175198876258094e+01 6.309198497555545959e-02
3.940067205993236144e+01 1.004701714741304125e-01
3.959827421369656264e+01 1.372437328005648716e-01
3.950500385531768188e+01 1.734822411813805032e-01
3.942882412688483384e+01 2.099460665461780617e-01
3.951226734472581370e+01 2.461443747179701824e-01
3.949384460286250942e+01 2.819853964082552067e-01
3.947567507077741311e+01 3.174619712744591316e-01
3.950970794282355314e+01 3.524986965253926186e-01
3.950813231587255814e+01 3.870295216540449723e-01
3.944411245451644277e+01 4.212246874583530643e-01
3.948514615653215287e+01 4.548788820747107220e-01
3.954298007340327104e+01 4.876544003666095084e-01
3.950762307935258377e+01 5.197584538803795562e-01
3.937275253546243903e+01 5.514008844922761998e-01
3.961255797244126597e+01 5.823269885878752383e-01
3.947108923674159087e+01 6.119513716293782934e-01
3.943251466063333055e+01 6.413552453454851587e-01
3.963089162994515391e+01 6.693602219297035694e-01
3.935833387072284495e+01 6.967302660958655247e-01
3.951470871963283571e+01 7.232948447871536679e-01
3.953322885347733973e+01 7.484502972857333125e-01
3.951347664002764759e+01 7.727297037897793430e-01
3.949652675972174620e+01 7.960431946935139225e-01
3.940038227829120387e+01 8.187132776716553595e-01
3.951813927824753137e+01 8.402084799498716894e-01
3.952862473128573129e+01 8.602596310991504902e-01
3.948530174491008893e+01 8.789697523748956076e-01
3.948170982067654222e+01 8.964006565303492824e-01
3.949029991570250786e+01 9.125242867129760294e-01
3.948738873817933381e+01 9.273155086590459950e-01
3.947475311077937477e+01 9.407522568230757276e-01
3.958794234042352400e+01 9.528161188955888150e-01
3.935720987529930426e+01 9.635145474780396624e-01
3.951587037660192436e+01 9.729686838764282086e-01
3.959639062717997149e+01 9.807624975742512685e-01
3.943036876669884805e+01 9.871517150920147143e-01
3.949015079915443494e+01 9.921351673941963822e-01
3.912395056870263943e+01 9.957147541635198440e-01
4.448777198674360989e+01 9.978945670243135613e-01
9.131258810556028038e+01 9.986817663191512873e-01
7.516591322551039411e+01 9.984659331358441969e-01
3.794195961658078886e+01 9.963876802360516205e-01
3.925833714808868535e+01 9.928596771591501335e-01
4.015548307880544598e+01 9.886417969946432738e-01
3.945299772992984799e+01 9.831527368290613467e-01
3.952953149045060854e+01 9.762484130342783395e-01
3.935368087654705960e+01 9.676922420464667551e-01
3.949424304119588669e+01 9.578210522254928527e-01
3.951026984096279193e+01 9.467440022632527263e-01
3.953240073045662939e+01 9.345502311183226940e-01
3.946705315063877606e+01 9.210741741348553724e-01
3.948646535558941650e+01 9.063304442568791419e-01
3.948693989668652193e+01 8.903348234639456571e-01
3.947549282114061953e+01 8.731057240655314411e-01
3.954586138769502668e+01 8.546238569755180148e-01
3.951999709847950726e+01 8.348426069024533769e-01
3.938791304391497761e+01 8.135075624907938119e-01
3.952159094222963631e+01 7.910344619981621861e-01
3.948806276745256127e+01 7.678758683011341901e-01
3.949038010136791854e+01 7.438269079244241855e-01
3.951285634844271044e+01 7.191960601164827382e-01
3.950451963165301095e+01 6.935089887141310250e-01
3.949287194940330892e+01 6.668681304550119204e-01
3.949681057300654174e+01 6.388223837569527719e-01
3.946290440154007229e+01 6.098095524230600084e-01
3.944074038460905740e+01 5.796000671026388940e-01
3.958649801669042745e+01 5.490745038028724823e-01
3.947227041696800143e+01 5.177957893678557522e-01
3.944884052086126758e+01 4.855879839514803398e-01
3.952870418523323792e+01 4.526768575389931715e-01
3.949145813282510176e+01 4.191910040378487023e-01
3.944816993712086628e+01 3.848660752905637694e-01
3.952609546346650404e+01 3.501157637425971192e-01
3.950031599886312961e+01 3.149285251681657183e-01
3.948003878883642415e+01 2.791262277795573121e-01
3.944627284490745467e+01 2.428460871212032579e-01
3.954168540377131080e+01 2.062536678489512443e-01
3.953183612315594075e+01 1.696143410263664109e-01
3.939168731720276639e+01 1.322627500859241134e-01
3.953073768671573163e+01 9.474730420408554454e-02
3.950997317833485312e+01 5.752521317362749298e-02
3.948205118204956676e+01 2.008636834438850757e-02
3.948700515283709933e+01 -1.730016214522694593e-02
3.951867668927836519e+01 -5.491843931419700120e-02
3.946261999038675583e+01 -9.246102143309725685e-02
3.946694075732740714e+01 -1.302631732767831618e-01
3.953670231218890763e+01 -1.674466569091168089e-01
3.946266175947707211e+01 -2.044239811270905371e-01
3.951033852928382828e+01 -2.409862977346429180e-01
3.949398052499967093e+01 -2.771851904241962039e-01
3.946437642001009749e+01 -3.130661054516802877e-01
3.950728378441959876e+01 -3.485049789222894878e-01
3.949331535229555357e+01 -3.832928457364105368e-01
3.946901287078986797e+01 -4.175945399026894655e-01
3.951731675919788245e+01 -4.511625181492764924e-01
3.946369306651848774e+01 -4.840422267321014549e-01
3.952267885283436044e+01 -5.163159365260472367e-01
3.953286276289389889e+01 -5.478306500071310481e-01
3.937551433138634138e+01 -5.789645501668212457e-01
3.951897489016550935e+01 -6.093018987474952963e-01
3.955508656292022351e+01 -6.381496038138614324e-01
3.948239757237990943e+01 -6.660794698657712676e-01
3.942185876453072524e+01 -6.930583255202792392e-01
3.955656439804920410e+01 -7.191500293427915969e-01
3.949793884450173209e+01 -7.439856044965781345e-01
3.949697217847904085e+01 -7.682978901246892978e-01
3.948721524893903734e+01 -7.915833241758882810e-01
3.941220689257443155e+01 -8.142352871034338468e-01
3.957385636828519182e+01 -8.354984358304711201e-01
3.949214956074558813e+01 -8.554464195949058603e-01
3.944157658877611539e+01 -8.741913196774396821e-01
3.951586654244647434e+01 -8.916260231983408335e-01
3.951667315932149904e+01 -9.076327498287363182e-01
3.946892424751922590e+01 -9.223878778030548675e-01
3.949022370662896719e+01 -9.358738715884620252e-01
3.948967007436795029e+01 -9.480737801698841949e-01
3.948449597457602067e+01 -9.589724060855311372e-01
3.950637272752055651e+01 -9.685564515563369614e-01
3.938775350985679324e+01 -9.768187562397270263e-01
3.969669300609211859e+01 -9.837863540821550901e-01
3.968595084532262263e+01 -9.894269504773171020e-01
3.901241759196091152e+01 -9.941048461198541686e-01
3.873343737067261827e+01 -9.976600292726494068e-01
9.881345312675694004e+01 -9.995471448645436574e-01
1.077763883442576116e+02 -9.996387680236050732e-01
4.147373194651481754e+01 -9.986450878296387890e-01
3.964700489970709896e+01 -9.964291809970937663e-01
3.939340950727273594e+01 -9.928037095835193782e-01
3.949045149100129493e+01 -9.877628284113040280e-01
3.949038364385842215e+01 -9.813036148916419732e-01
3.948574016688849042e+01 -9.734260690245333247e-01
3.948886593423821978e+01 -9.641334056576643663e-01
3.951884826495802372e+01 -9.534316160980866872e-01
3.947084591269845077e+01 -9.413022880363243194e-01
3.946897432117361859e+01 -9.277283243278628966e-01
3.950758849904764247e+01 -9.128785044762369738e-01
3.948406913895689740e+01 -8.967103048143220123e-01
3.951843567154571701e+01 -8.792485673469673246e-01
3.948002396154481630e+01 -8.604268031788413484e-01
3.950412223159867153e+01 -8.402045344549838868e-01
3.944306082594380314e+01 -8.187550706915780463e-01
3.950448033007512549e+01 -7.961203510379865067e-01
3.951750116582309147e+01 -7.727786571522762271e-01
3.944159158955369548e+01 -7.483620351037986174e-01
3.956613967276177846e+01 -7.232176884426809726e-01
3.947426763630636515e+01 -6.970996813209165976e-01
3.943867160596460053e+01 -6.698206757960547542e-01
3.951127656635804897e+01 -6.417404425500872200e-01
3.950206951524006627e+01 -6.129674096277089035e-01
3.951440574394689520e+01 -5.833341126903481832e-01
3.947870262109000805e+01 -5.527825383502102952e-01
3.944507313850232322e+01 -5.211630500604390592e-01
3.952469564566354165e+01 -4.888884634898515991e-01
3.951044293682161879e+01 -4.560113852369517828e-01
3.948875029769180856e+01 -4.223124750118656956e-01
3.945404329110633057e+01 -3.878816024203711188e-01
3.947959405981262648e+01 -3.529116583236497906e-01
3.951781529594126141e+01 -3.178801937325667626e-01
3.951083927885764524e+01 -2.826052774939619150e-01
3.949085272168228755e+01 -2.469694215378428204e-01
3.944737428368954113e+01 -2.107592768813872919e-01
3.952916237613473527e+01 -1.742621340042038447e-01
3.946914939681573031e+01 -1.376601432536128933e-01
3.946745530366947463e+01 -1.007145583500700242e-01
3.960030298067660937e+01 -6.392315461897625506e-02
3.936044782422476374e+01 -2.687524988134289486e-02
3.951593043782937542e+01 1.061442315111186911e-02
3.963285794156050201e+01 4.724093003790012790e-02
3.934950258274047030e+01 8.439967395599282107e-02
3.949310125080074840e+01 1.216401188441511849e-01
3.956791017980378911e+01 1.581943252677675826e-01
3.946656946645597941e+01 1.945450464457813278e-01
3.946965753387767961e+01 2.308567510632377751e-01
3.949934879239395968e+01 2.668666983864971809e-01
3.948821965204641060e+01 3.025043078958997156e-01
3.948567600924067733e+01 3.377212107467097435e-01
3.953002896830216173e+01 3.724699148708332519e-01
3.945035560222720505e+01 4.067694170955078459e-01
3.944984010591403489e+01 4.407373516201663066e-01
3.958006536177902035e+01 4.737604131839149857e-01
3.951979293540205163e+01 5.061074799568859861e-01
3.932209090603220147e+01 5.381850840419636350e-01
3.958330273870404881e+01 5.695552755066015660e-01
3.963070827881830382e+01 5.993463922394745014e-01
3.936669705171783562e+01 6.289452026289270581e-01
3.941889217934385670e+01 6.579745465895726619e-01
3.957863926066255544e+01 6.858177578833910548e-01
3.958295729521648809e+01 7.122534504083440909e-01
3.931331652106302954e+01 7.380236694622203109e-01
3.959054681634802364e+01 7.629780478509619046e-01
3.957623699777150250e+01 7.864455591847613336e-01
3.937516485884805206e+01 8.094553931115749945e-01
3.952226796888078297e+01 8.314253699412910148e-01
3.946374013621743870e+01 8.521897788886212410e-01
3.951476630891932018e+01 8.716125734446567019e-01
3.951609992490216428e+01 8.895524464406375786e-01
3.946997343858129170e+01 9.061892832175597601e-01
3.949041517819000546e+01 9.214970727350519919e-01
3.949042568446179757e+01 9.354536033181902743e-01
3.947761753010559005e+01 9.480401703986177653e-01
3.951282638328302710e+01 9.592415765145438922e-01
3.952888963183522719e+01 9.690458390518653653e-01
3.938473545225497219e+01 9.775242691774431725e-01
3.954056393112887235e+01 9.846482255209806356e-01
3.954089833042326063e+01 9.902462982490185528e-01
3.926603513240661414e+01 9.944437202918846586e-01
4.058596786456473637e+01 9.972428297206237247e-01
3.792676278212456964e+01 9.986493255834070215e-01
3.464182626328329206e+01 9.989253640961134328e-01
4.277218402330299796e+01 9.978416681669288746e-01
3.819244190246263315e+01 9.948588740317463319e-01
3.990642223829763680e+01 9.908743625833813518e-01
3.975315149806147019e+01 9.858403494948596579e-01
3.949040876542221667e+01 9.794454329289248307e-01
3.927124188975608376e+01 9.714271644108177783e-01
3.957010637019379828e+01 9.621947063733478078e-01
3.954727012204716630e+01 9.518500571658368159e-01
3.944720313698826430e+01 9.401997414093423711e-01
3.951541767101207370e+01 9.272567646240497119e-01
3.949498939902991879e+01 9.130202500333174376e-01
3.946366162667629851e+01 8.973988667369645622e-01
3.949553115446087759e+01 8.805245696195724836e-01
3.949111091081294944e+01 8.624194242266244315e-01
3.952037124598962237e+01 8.431072496568879915e-01
3.947678651957062357e+01 8.225421612661121262e-01
3.950421420698023667e+01 8.006984402728060113e-01
3.942601384378372131e+01 7.778448187176615347e-01
3.946346816526772727e+01 7.540540690619423891e-01
3.958563802079777361e+01 7.299308749295656540e-01
3.953242984162579887e+01 7.048996324552317949e-01
3.944753048480998814e+01 6.785785054114654713e-01
3.943248508800439822e+01 6.507352941176469674e-01
3.956341797029301688e+01 6.220069768039971914e-01
3.945411423501491299e+01 5.923691498539873646e-01
3.944217863078796427e+01 5.617670147275095616e-01
3.957772682455640734e+01 5.307430039069167549e-01
3.948503379382771072e+01 4.991011578127813042e-01
3.944568554975876395e+01 4.663900826040499048e-01
3.950606141813349836e+01 4.330497740254334871e-01
3.950350886187970900e+01 3.990808165946930219e-01
3.948857111733894953e+01 3.645378627224966639e-01
3.947410978245741831e+01 3.293349882979543786e-01
3.949977049836553533e+01 2.937171062629908569e-01
3.947882169081800896e+01 2.577322932034612490e-01
3.949693862898611485e+01 2.214274566696983748e-01
3.954255002404121910e+01 1.848492119531544020e-01
3.944410254959690576e+01 1.477938546140663001e-01
3.941655528914579065e+01 1.102033566516952140e-01
3.961581560866716245e+01 7.290856622469329973e-02
3.945692825072936216e+01 3.582900985029330299e-02
3.945393161142458638e+01 -1.875622511415631815e-03
3.954855993757069399e+01 -3.921509201478595719e-02
3.946535819688554625e+01 -7.679869266757539947e-02
3.946548591624651436e+01 -1.142716294952338396e-01
3.950501421791760492e+01 -1.516161623837101735e-01
3.952413519920472140e+01 -1.884114093190835670e-01
3.945795656453735489e+01 -2.251169327781193941e-01
3.949689158633604791e+01 -2.615109082704586974e-01
3.947939479727693879e+01 -2.975132568628230390e-01
3.951750681212925542e+01 -3.330707874389470802e-01
3.948027384579432919e+01 -3.681319163064089017e-01
3.948989615362120276e+01 -4.029007862932922346e-01
3.949188208808271838e+01 -4.370322396616342919e-01
3.944607392844636706e+01 -4.706303205729209238e-01
3.952754947491717985e+01 -5.032958033962819933e-01
3.956495137356984060e+01 -5.350196281064196757e-01
3.939482515285737918e+01 -5.661817312480856845e-01
3.947504553774632541e+01 -5.968655527316852893e-01
3.956552545489995509e+01 -6.261586603320528077e-01
3.947041787687550141e+01 -6.545500031563959986e-01
3.947725364748589527e+01 -6.820045101390449505e-01
3.946511507398338381e+01 -7.085306567875371275e-01
3.954898808329528492e+01 -7.339682852353150988e-01
3.948417962751943833e+01 -7.583889989081207261e-01
3.944810677312193548e+01 -7.820999618894419747e-01
3.954926049208950189e+01 -8.048116917580657725e-01
3.942982081106663372e+01 -8.265082604050005832e-01
3.950689535659921603e+01 -8.472042807742755643e-01
3.949394978140333023e+01 -8.664287776798385021e-01
3.948272783120660279e+01 -8.844183346855176708e-01
3.953718441215301027e+01 -9.009067039511062802e-01
3.945983877909793591e+01 -9.161480045732670607e-01
3.948558503980211754e+01 -9.301286465140529147e-01
3.948605861642431591e+01 -9.428351858649575146e-01
3.958044140239053377e+01 -9.542708374736675880e-01
3.933466218127659886e+01 -9.644762253245827699e-01
3.954914527963546789e+01 -9.735403422468394963e-01
3.963586525640130276e+01 -9.810779910358355949e-01
3.932122178812096536e+01 -9.874293610285641565e-01
3.987417418718177942e+01 -9.925907989890180305e-01
3.878724853309358878e+01 -9.964709740170163421e-01
3.905435161744753714e+01 -9.991892738652755623e-01
9.489094006130471826e-02 -1.000136484897230060e+00
3.452934284372804541e+01 -9.993960470232847726e-01
4.140290717435891565e+01 -9.977360165815999382e-01
3.927950628588132531e+01 -9.947327643247768636e-01
3.946233798362618472e+01 -9.903142484387529310e-01
3.949074059837948880e+01 -9.844756466519990479e-01
3.947216403524953421e+01 -9.772146208934703315e-01
3.951508713714156329e+01 -9.685320479398087379e-01
3.950771128521182618e+01 -9.584326039331030334e-01
3.945557340729760654e+01 -9.468213047371656366e-01
3.950833311373799006e+01 -9.338029251606839720e-01
3.947806078604048707e+01 -9.194139975637299900e-01
3.947814589691040510e+01 -9.036757107151457413e-01
3.952205999925604374e+01 -8.866899168348127969e-01
3.948693475950767606e+01 -8.684043015831078849e-01
3.951521620654921207e+01 -8.487582212423107064e-01
3.939783855978555493e+01 -8.278690177529735017e-01
3.957059368918646669e+01 -8.057754154167728888e-01
3.951467292228596762e+01 -7.830438119442697520e-01
3.942073197929039452e+01 -7.588471147034274722e-01
3.955667270175001704e+01 -7.340913262240386095e-01
3.951771806525800912e+01 -7.082313836938248786e-01
3.941653970143710239e+01 -6.815735744196322887e-01
3.943922827316242774e+01 -6.537986055744289260e-01
3.966774010129392991e+01 -6.259682536713560008e-01
3.943980152140761675e+01 -5.971097350264085168e-01
3.945994182045598109e+01 -5.668029274987549382e-01
3.949831423380339857e+01 -5.354784745489276077e-01
3.946329189754402478e+01 -5.031604875345742078e-01
3.950851197549533822e+01 -4.702367939902221683e-01
3.950704653232779151e+01 -4.367928796384406009e-01
3.948202006569783862e+01 -4.027711694797557751e-01
3.946908097772171686e+01 -3.681677180192796661e-01
3.951103888008907461e+01 -3.331665022223365136e-01
3.951215031387744148e+01 -2.978280196772059019e-01
3.946276551111122899e+01 -2.619647863119968223e-01
3.945840016230117442e+01 -2.257015966687163366e-01
3.954448379162140270e+01 -1.893631503636869495e-01
3.947131128114359200e+01 -1.529938707467564940e-01
3.950548186541854534e+01 -1.161526368765241207e-01
3.950897273320995851e+01 -7.928144647103246845e-02
3.941414463470280083e+01 -4.188312333558567163e-02
3.952083076827955921e+01 -4.675618945857288634e-03
3.955594403023862071e+01 3.221064032751699141e-02
3.945544666771107956e+01 6.912026277580468614e-02
3.943463356519845320e+01 1.063227432353759383e-01
3.954398556282004051e+01 1.431330999548752203e-01
3.950521720048200791e+01 1.795762772297598842e-01
3.946395668560336389e+01 2.159638230267264813e-01
3.948901376089786197e+01 2.521603776452351342e-01
3.949574720284152818e+01 2.879962848051100810e-01
3.947933975737808510e+01 3.234230295321753323e-01
3.951643349523098436e+01 3.583897587812102659e-01
3.950364992633060979e+01 3.928523414612475895e-01
3.942179415454751279e+01 4.269912474310443851e-01
3.951388442429879433e+01 4.604733015667413776e-01
3.952099412720207283e+01 4.929097995571692370e-01
3.952360483335149866e+01 5.247597339742765543e-01
3.942362037705561306e+01 5.560387406681739364e-01
3.953102127378411978e+01 5.869930477457487861e-01
3.949132453880429239e+01 6.168410088308943218e-01
3.942169707132939038e+01 6.462203328010324155e-01
3.959078234852285050e+01 6.742087967584983188e-01
3.948713856091330854e+01 7.011945204966998357e-01
3.941969528241395437e+01 7.273800394198778330e-01
3.948537112986514330e+01 7.526008117782666540e-01
3.961784084498151515e+01 7.765455818640505381e-01
3.943836914824532869e+01 7.995859568438845599e-01
3.941430645672528499e+01 8.220977816381928038e-01
3.954213611865122857e+01 8.433870875350417684e-01
3.950073215956581407e+01 8.633993682532036251e-01
3.947263908271304444e+01 8.821219105313734543e-01
3.948469591315415528e+01 8.995183281389188545e-01
3.951232287142329369e+01 9.154750785007352842e-01
3.948961770826485917e+01 9.300235794464850603e-01
3.948275937477274056e+01 9.432047472194488025e-01
3.950593442446211156e+01 9.550013385456730397e-01
3.943829413349249080e+01 9.653991788694490372e-01
3.953406054078004672e+01 9.743884775182778402e-01
3.951153634214188060e+01 9.818729351910087111e-01
3.947564366528331448e+01 9.879956126096846036e-01
3.925247554131328798e+01 9.927360516526654299e-01
4.055869446047472593e+01 9.961103265583827193e-01
3.839313100065191975e+01 9.980877501443757849e-01
5.076440910412929952e+01 9.990390528006584114e-01
4.346627989906210132e+01 9.985926273605749692e-01
3.883612254670879338e+01 9.963559701475088737e-01
3.906563576547023331e+01 9.925459372508493860e-01
4.020732856877475569e+01 9.879580573435304824e-01
3.955539664509842623e+01 9.820646570166680078e-01
3.929102338892494117e+01 9.745036275172257456e-01
3.939385394384316896e+01 9.654735587545562048e-01
3.960156053181822244e+01 9.554148848616913492e-01
3.952899745622084993e+01 9.442976493033716778e-01
3.945664911219796522e+01 9.318988585537159031e-01
3.947220024232365176e+01 9.182323949095517746e-01
3.951511299199387395e+01 9.033134558326688657e-01
3.950846656610178798e+01 8.871584078203800239e-01
3.944337694226226176e+01 8.696173220669481951e-01
3.952992556637389043e+01 8.508161621499029659e-01
3.952029678934786716e+01 8.308309153781946454e-01
3.937796115737080527e+01 8.095210052302649339e-01
3.958315755751971210e+01 7.871991487083325190e-01
3.947640772090267092e+01 7.642588723950964891e-01
3.942385648445383595e+01 7.400652438725002780e-01
3.962813528580750244e+01 7.154013708110533720e-01
3.943790725013781184e+01 6.895420127986007230e-01
3.949530307658255879e+01 6.623159061311236773e-01
3.947122150198248391e+01 6.339944131792387694e-01
3.946428787972996588e+01 6.045484541843287873e-01
3.952841504819616603e+01 5.745365358671787881e-01
3.948205383401574409e+01 5.438047839271643591e-01
3.949926131231717363e+01 5.123701493793589856e-01
3.948232311308180442e+01 4.801931772748845861e-01
3.948915307667820684e+01 4.472592546697123361e-01
3.949812471964696670e+01 4.136642424766718840e-01
3.949153906962155247e+01 3.793660554169598909e-01
3.948442054403682278e+01 3.444184691246027774e-01
3.948472809200734446e+01 3.088859266827681527e-01
3.949106352211808257e+01 2.729560582927872958e-01
3.947682679809261685e+01 2.366971064032751815e-01
3.952712132619880947e+01 2.001852044526225005e-01
3.952985303246047977e+01 1.633893729994879418e-01
3.934884879377112554e+01 1.259946300353282367e-01
3.958805328284682901e+01 8.838345475715624067e-02
3.953100974742116591e+01 5.150127541775484374e-02
3.945175333243303584e+01 1.383809851696153614e-02
3.949069171834321423e+01 -2.356119491796877449e-02
3.953038060748299642e+01 -6.140794546683095434e-02
3.945579849647106840e+01 -9.876948782215695666e-02
3.945209193301639061e+01 -1.365443134605088260e-01
3.962069434009633540e+01 -1.731981655494583827e-01
3.942769052527957285e+01 -2.098990128664049437e-01
3.947319739171936703e+01 -2.464993231284325903e-01
3.948766812912299429e+01 -2.827365017313415718e-01
3.950054668152395720e+01 -3.183929619385414411e-01
3.954129679324429958e+01 -3.535053822395447520e-01
3.944300216699684825e+01 -3.882188691685585780e-01
3.944619586560597213e+01 -4.227191532441904598e-01
3.956475074024791638e+01 -4.562605359326448173e-01
3.949075095047561490e+01 -4.890889530819282904e-01
3.949112454257891613e+01 -5.214878958062020287e-01
3.941949956059102078e+01 -5.532652038914854797e-01
3.951501148057280943e+01 -5.842459603977525617e-01
3.955581795353600683e+01 -6.137845654578059085e-01
3.943816129936004700e+01 -6.425098140532098379e-01
3.952195893556751116e+01 -6.703186849285601712e-01
3.946427628230753726e+01 -6.971782989597921087e-01
3.948666986340595031e+01 -7.232187113487630326e-01
3.952694275480905617e+01 -7.481538006513864802e-01
3.948064481711207918e+01 -7.722211733375730081e-01
3.946765756375850742e+01 -7.953739218569895186e-01
3.948284471802480766e+01 -8.175227611216193679e-01
3.951248568117091509e+01 -8.384426517934172596e-01
3.949873658468516169e+01 -8.581492297224941890e-01
3.947430840852030087e+01 -8.766536007463122671e-01
3.948139790614663980e+01 -8.939300460833802253e-01
3.947006705284184136e+01 -9.098559631332956421e-01
3.956776391687844807e+01 -9.244228763885218303e-01
3.949637259288351743e+01 -9.376383845799538541e-01
3.935534287784685148e+01 -9.497756036314918271e-01
3.959073926896144258e+01 -9.605916664133754557e-01
3.959784004032553639e+01 -9.699457041451661210e-01
3.919363156798181080e+01 -9.781241305298302713e-01
3.981949246060776204e+01 -9.850801841464753572e-01
3.974856299228758871e+01 -9.905286203276573165e-01
3.876918259166086500e+01 -9.950057341192368732e-01
3.951106577808241127e+01 -9.982743574396252262e-01
1.800382600951706991e+01 -9.997787600274020692e-01
2.280845625420670331e+01 -9.996070579350624374e-01
4.026841009547388239e+01 -9.982739190513042482e-01
3.959153298078581429e+01 -9.957578623484051317e-01
3.953508949751267210e+01 -9.919536746293571294e-01
3.944543274947818645e+01 -9.867307161745415556e-01
3.949049942061537877e+01 -9.800851876185109335e-01
3.948202362340020954e+01 -9.720167967023845002e-01
3.949077499216105025e+01 -9.625278814972071384e-01
3.951674701110300703e+01 -9.516253100866722825e-01
3.948010508371862670e+01 -9.392668510625363787e-01
3.947135548962546636e+01 -9.254346766330840968e-01
3.951728855660246609e+01 -9.102462748683081140e-01
3.945520344487408693e+01 -8.937264877730574097e-01
3.948856255102521118e+01 -8.759032260704273654e-01
3.955660732286457915e+01 -8.569683577155174925e-01
3.948405372528247881e+01 -8.367053188778192929e-01
3.934955137912811551e+01 -8.151141095573329887e-01
3.963004541010968751e+01 -7.925162145226943844e-01
3.956122911128738906e+01 -7.693520679069354440e-01
3.935114376712112971e+01 -7.444786452281139111e-01
3.957721425210928601e+01 -7.188937183045244206e-01
3.938829006487247852e+01 -6.925212998272165521e-01
3.956454339966558109e+01 -6.654777088306603750e-01
3.959007847754338627e+01 -6.381002120630437924e-01
3.936448447129316719e+01 -6.092647818696618200e-01
3.953364091874186670e+01 -5.793171605062391594e-01
3.951253298029223515e+01 -5.485650965740244134e-01
3.944860530147099098e+01 -5.166339141881164387e-01
3.952727621428329030e+01 -4.839425664538242189e-01
3.945577697133228412e+01 -4.505381070509208996e-01
3.949056057567673861e+01 -4.165007610421250228e-01
3.951564571920803814e+01 -3.822570802636408582e-01
3.948094303880409939e+01 -3.475522149716041564e-01
3.949839901245610463e+01 -3.124937164340675366e-01
3.946831298056531523e+01 -2.770009211999915899e-01
3.951946623009791892e+01 -2.411702746999669911e-01
3.947517083188036224e+01 -2.050700193826089646e-01
3.949449357649929482e+01 -1.684799381814015562e-01
3.948285454415477602e+01 -1.317781994748692398e-01
3.951635156920640668e+01 -9.469913994056622375e-02
3.947752305935225792e+01 -5.767232168116660784e-02
3.941421182415408708e+01 -2.028998510648744730e-02
3.961086016671306709e+01 1.659701650444350349e-02
3.949991793032694432e+01 5.330103483024434957e-02
3.939846031143646599e+01 9.058875259233625798e-02
3.950606212556154162e+01 1.277767662373188728e-01
3.953570356107394446e+01 1.644853438016567193e-01
3.948041747408566948e+01 2.009111755119790954e-01
3.947173447005606306e+01 2.372237569060773599e-01
3.949894608671232277e+01 2.731881118439664635e-01
3.949041253014368635e+01 3.087532411509855690e-01
3.949035496960092928e+01 3.438693146879960860e-01
3.947262196199071127e+01 3.784875252219413455e-01
3.951546376946868122e+01 4.125596500375260378e-01
3.954342196877564675e+01 4.460390738432977731e-01
3.938334582241191129e+01 4.792345681465876583e-01
3.949284219803757878e+01 5.119769150555408821e-01
3.960017657084688381e+01 5.434023434486080495e-01
3.945653971954664030e+01 5.742198733700721869e-01
3.944860645790510034e+01 6.045779723312671994e-01
3.947119901903357686e+01 6.341363048657595591e-01
3.953436973262517995e+01 6.625986665980831969e-01
3.950116377309427662e+01 6.899277945209641993e-01
3.951353251237844688e+01 7.164628550653140415e-01
3.938316572568930951e+01 7.421150015314365023e-01
3.958444233094178344e+01 7.669591983222001641e-01
3.956409615281029346e+01 7.903361094030203482e-01
3.935016315267603204e+01 8.132436527216315714e-01
3.953711552417291841e+01 8.349587798074832312e-01
3.951626958571887371e+01 8.552937143298035005e-01
3.948566887073320686e+01 8.743207903615358711e-01
3.948466422997785230e+01 8.920701105673796150e-01
3.949038170474887011e+01 9.085125951887172979e-01
3.949029346101838200e+01 9.236225254440582066e-01
3.946956324623442924e+01 9.373773973995974673e-01
3.953537044506720122e+01 9.497580680986573709e-01
3.949174636005773209e+01 9.607493400794476779e-01
3.946340370433472344e+01 9.704841911326316239e-01
3.949072905565572000e+01 9.788543393429551820e-01
3.939757190727095804e+01 9.858083471474362591e-01
3.965114236226327193e+01 9.912553220342152915e-01
3.924677085285838984e+01 9.951300902729230957e-01
4.116168594826376648e+01 9.976195514176893209e-01
1.209554442088119686e+00 9.987332038821331581e-01
-1.697053965638929185e+00 9.987747046431750819e-01
4.095620691401518343e+01 9.974516486907969437e-01
3.857525984116909967e+01 9.943636413586063316e-01
3.974802414254509131e+01 9.900899397479090425e-01
3.969581714295736674e+01 9.847228976649683441e-01
3.937250306739451844e+01 9.779224719022310275e-01
3.950172892560726723e+01 9.697517903779022674e-01
3.947497069934365754e+01 9.602713506802618149e-01
3.949065468812091240e+01 9.494983960832633629e-01
3.949653961622425413e+01 9.375302487941397089e-01
3.949770587280522705e+01 9.242802540547996326e-01
3.951180156944201372e+01 9.098056946058362682e-01
3.945720078246779394e+01 8.939566416415128947e-01
3.950973793776176990e+01 8.768605200337618033e-01
3.950707277820424679e+01 8.585512318127297426e-01
3.938485338060741014e+01 8.390523038183037574e-01
3.959892703470040942e+01 8.184983212649897810e-01
3.956703225235889931e+01 7.971957175890745928e-01
3.934213767944766005e+01 7.742389286490858336e-01
3.952848181640911207e+01 7.503879736639677001e-01
3.948990946555704795e+01 7.258066637362842188e-01
3.954328656829289912e+01 7.003741498189163250e-01
3.953314408090574261e+01 6.739158072307184222e-01
3.940700700874549511e+01 6.459488243009751107e-01
3.946052165687939350e+01 6.168012616231356438e-01
3.953560984786292920e+01 5.870884702702575675e-01
3.950369867045088768e+01 5.568155647727511814e-01
3.947879565999960505e+01 5.257807403735770269e-01
3.948962201731717414e+01 4.939731834941535338e-01
3.949505498857308794e+01 4.614021002892194079e-01
3.949338315486573947e+01 4.280558004035510122e-01
3.949014826971884418e+01 3.939297538244996844e-01
3.947804658521872057e+01 3.590903033179565496e-01
3.949513867897007913e+01 3.236691115096222982e-01
3.948554330644552124e+01 2.878640376616484198e-01
3.948423253384309817e+01 2.516778582334002756e-01
3.951810323257379309e+01 2.152863669415458758e-01
3.949932446229809102e+01 1.785583395487055081e-01
3.943060190646701813e+01 1.414083780099742171e-01
3.952044471061417852e+01 1.040418234148462601e-01
3.953848781689164582e+01 6.690155025800613442e-02
3.941290371176727092e+01 2.939804315143919322e-02
3.954762098278241211e+01 -8.178344552177561205e-03
3.947799488320338668e+01 -4.553608169687843599e-02
3.948245275689723854e+01 -8.322227982969489235e-02
3.950339545807954522e+01 -1.205328960750801370e-01
3.946845754871870326e+01 -1.579165332017778423e-01
3.951913250643760023e+01 -1.947922974587505685e-01
3.947120665274536577e+01 -2.314528130501773417e-01
3.950119438531748983e+01 -2.676870690642805806e-01
3.948665474778587736e+01 -3.035206381531109221e-01
3.947255624960143905e+01 -3.389007675887238946e-01
3.953465312074234816e+01 -3.737767504553392572e-01
3.948313307143229167e+01 -4.080990488726990439e-01
3.942460310445753180e+01 -4.421849098556708269e-01
3.954042676365440911e+01 -4.754736347418652143e-01
3.955490478872735594e+01 -5.078997575420326482e-01
3.940603085313779275e+01 -5.398620654987221767e-01
3.946011063007040320e+01 -5.713066368484672752e-01
3.954687744078734113e+01 -6.014079863830742445e-01
3.950626554465986828e+01 -6.304322158133096599e-01
3.951000801654924999e+01 -6.585565801502444305e-01
3.943085336932716700e+01 -6.860154710161022740e-01
3.954386049270431158e+01 -7.127035290844347948e-01
3.938677555882395609e+01 -7.382393565160870752e-01
3.952794714349226979e+01 -7.628308955045907114e-01
3.971304707246508769e+01 -7.856937232144735050e-01
3.931065693115499471e+01 -8.079955600030861440e-01
3.945314306644434055e+01 -8.298215993341173657e-01
3.955658565743044619e+01 -8.501639864578923733e-01
3.947818298716060781e+01 -8.692249645197718255e-01
3.950983219327395091e+01 -8.868486134069669680e-01
3.947558547742005430e+01 -9.031756557704762045e-01
3.952155467517968646e+01 -9.182059454808593202e-01
3.945204309939708764e+01 -9.319932581721427356e-01
3.954587921331471989e+01 -9.446064208107028959e-01
3.935472540848172684e+01 -9.559185930423680366e-01
3.973529795608283166e+01 -9.660571997390712262e-01
3.932594710628700341e+01 -9.746902348124749649e-01
3.953948546218725824e+01 -9.823700675468723942e-01
3.964324228475925338e+01 -9.884025831008901308e-01
3.985726385014186235e+01 -9.932384446683796275e-01
3.831223300788951747e+01 -9.968414121481495860e-01
4.368214265217102366e+01 -9.993434404247808489e-01
7.139441922568948939e+01 -9.999995616116791330e-01
3.884287103729730006e+01 -9.991675005786725405e-01
3.973864158045762451e+01 -9.971459459017121274e-01
3.971021138398145922e+01 -9.939398659817677562e-01
3.939818031758022698e+01 -9.893195453387046978e-01
3.949064977200714566e+01 -9.832801617009933048e-01
3.949053702609603533e+01 -9.758198153859102275e-01
3.948427076306211347e+01 -9.669392370406565407e-01
3.949361001812712857e+01 -9.566435411956427659e-01
3.950552971036927374e+01 -9.449406188406440643e-01
3.948649241616180916e+01 -9.318031437703265807e-01
3.946874258478078445e+01 -9.172414911749509070e-01
3.947828100172444010e+01 -9.013366167644368820e-01
3.954057032566879570e+01 -8.841643617182951553e-01
3.949399460022380026e+01 -8.656729962146628710e-01
3.948812366834579279e+01 -8.456982707626553575e-01
3.939688110060171766e+01 -8.245153470983369592e-01
3.952449456230158376e+01 -8.022390829617748187e-01
3.965035325589838067e+01 -7.794693397053562567e-01
3.933999558801724561e+01 -7.553148738727575306e-01
3.953652730319379316e+01 -7.299219610337078779e-01
3.946265836233334312e+01 -7.039813550524545160e-01
3.948774707495044822e+01 -6.769589528247405008e-01
3.962455356015510688e+01 -6.496571511071935756e-01
3.936167500200656377e+01 -6.209834862042118431e-01
3.954859846945748814e+01 -5.912063978976065393e-01
3.949795785744947807e+01 -5.606942785063465662e-01
3.943161047214107384e+01 -5.289672389485227111e-01
3.954016652837077572e+01 -4.967551957783788996e-01
3.947872364350973839e+01 -4.639174263449168945e-01
3.950400028680192577e+01 -4.304599219551885070e-01
3.946946196714867483e+01 -3.964534092582937541e-01
3.948225829653975438e+01 -3.618857595106884650e-01
3.951722223003616818e+01 -3.270902939656724073e-01
3.948004035423659275e+01 -2.918723682087803750e-01
3.949507016940336257e+01 -2.562267215801619646e-01
3.949954629863978539e+01 -2.201644599172790651e-01
3.947300714342306094e+01 -1.836711164055430945e-01
3.947658340366300678e+01 -1.468500045592385506e-01
3.950604345762287295e+01 -1.099741526246016399e-01
3.953117092634499841e+01 -7.305367275890044254e-02
3.941638290846651671e+01 -3.596875343404184328e-02
3.949787236660871059e+01 1.321847023518656549e-03
3.961453523535450927e+01 3.809544824329031548e-02
3.935312326069923472e+01 7.519346076599882356e-02
3.952785247069875396e+01 1.125959047516617711e-01
3.954771501315496351e+01 1.491565116447628458e-01
3.942286208882669030e+01 1.859178565499891023e-01
3.953419857198215936e+01 2.221434909271153002e-01
3.948693352342611718e+01 2.580808119185509231e-01
3.948626471404696758e+01 2.937128685092224578e-01
3.948153402449719351e+01 3.290601188207704642e-01
3.948201483512980303e+01 3.639561214207054363e-01
3.952753663894532110e+01 3.983539687586946654e-01
3.949183464853499004e+01 4.322089452260096110e-01
3.942276109693119679e+01 4.657614337519259129e-01
3.951157961365538540e+01 4.985255539474822695e-01
3.954199505959894623e+01 5.302539086702687809e-01
3.949990734806186765e+01 5.613113831326878023e-01
3.946637047950144961e+01 5.919335379924852703e-01
3.941876391432072069e+01 6.220001087203036461e-01
3.957198579842588515e+01 6.510841050916171824e-01
3.945949846383302884e+01 6.788272177188375833e-01
3.949483359038367780e+01 7.057992052896520097e-01
3.952410433148770608e+01 7.314091203475309166e-01
3.950591587222163525e+01 7.563649600306754373e-01
3.949342029882427596e+01 7.803905396969391672e-01
3.942746131057106140e+01 8.039026205100266997e-01
3.950101658573964869e+01 8.262401128820699991e-01
3.950551523243814245e+01 8.473182617377010839e-01
3.951855527921031808e+01 8.669453452512607683e-01
3.947127014679563217e+01 8.853024177992672161e-01
3.949028537658182358e+01 9.023579154226180066e-01
3.949038395974685045e+01 9.180840735276581954e-01
3.947404061842871670e+01 9.324559039800982552e-01
3.952885475995117304e+01 9.454529486582979869e-01
3.950491115177192114e+01 9.570578181588624833e-01
3.942391029864120355e+01 9.673768947143226438e-01
3.946737666794115285e+01 9.762944438079695919e-01
3.957327855665698735e+01 9.836624363167900675e-01
3.945746744029111142e+01 9.894852561239925182e-01
3.930668937415612163e+01 9.938850674416591646e-01
4.100693479742585623e+01 9.968681538357224703e-01
3.644785891674109735e+01 9.985334449372578192e-01
-4.256396108062472194e+01 9.992483101591524974e-01
4.286706226603882897e+01 9.984311543290553814e-01
3.798858023801039963e+01 9.956941499124392081e-01
4.062408008355168931e+01 9.921845591450142443e-01
3.966086413698621982e+01 9.874124100134906712e-01
3.916117849453758026e+01 9.809127186388686415e-01
3.950442841892049728e+01 9.729438418715790071e-01
3.957810203319104403e+01 9.639652106718913371e-01
3.942670126474558856e+01 9.536971332910922916e-01
3.961189062335915878e+01 9.423935826964037199e-01
3.941881259650972424e+01 9.297479793220996269e-01
3.946741215675001513e+01 9.157724519117238504e-01
3.951249028319125500e+01 9.006591606792563320e-01
3.951484593848647364e+01 8.843275883030980999e-01
3.945724048946897256e+01 8.667404717759753519e-01
3.957608100838683640e+01 8.477567961880088099e-01
3.944157591719340417e+01 8.275662375526942061e-01
3.938634245488935903e+01 8.057964580561745027e-01
3.960155562149725483e+01 7.835777689190862594e-01
3.955087945003811001e+01 7.604904863889193622e-01
3.943595886154491836e+01 7.363648080560575293e-01
3.937767125507616583e+01 7.108836330350734034e-01
3.961905482121045452e+01 6.848980191862109601e-01
3.957825915915015003e+01 6.581173150527351856e-01
3.939156192250783306e+01 6.297636736239867750e-01
3.941503073142695257e+01 5.999440616502573764e-01
3.956266504259991734e+01 5.696277557089849397e-01
3.951418115162476852e+01 5.388850440609488368e-01
3.946965179607286700e+01 5.073466576105380987e-01
3.949584712343715864e+01 4.750535126010338449e-01
3.948587862698266804e+01 4.420116003394878867e-01
3.948003677528890876e+01 4.082583299626141859e-01
3.950372659980175172e+01 3.739009604795851538e-01
3.949326087217423265e+01 3.389856687935319801e-01
3.950324074047654221e+01 3.034212701337142826e-01
3.944091734614839595e+01 2.673354816309448378e-01
3.950250054711895586e+01 2.307662969396988006e-01
3.958523192377445810e+01 1.942558562834490188e-01
3.936830715525187685e+01 1.571645511020497710e-01
3.951969830280958718e+01 1.196126751507471109e-01
3.956990633018074277e+01 8.257169694858347564e-02
3.941329888586096075e+01 4.504524751989113368e-02
3.951939869605376288e+01 7.449151338662575624e-03
3.949804037478386221e+01 -3.008299567690663617e-02
3.947449557048029334e+01 -6.771308010465205973e-02
3.949572660696971127e+01 -1.052423790574300300e-01
3.949429403499016189e+01 -1.426006335003495440e-01
3.947896005734276059e+01 -1.797114469620273713e-01
3.948609610105890511e+01 -2.165080090623633380e-01
3.951593575484591270e+01 -2.528321346822444138e-01
3.948432746503465296e+01 -2.887808537700226608e-01
3.947633638091400599e+01 -3.244601101699076118e-01
3.948783417699769416e+01 -3.596860730460155753e-01
3.952076546447329974e+01 -3.944065741881632725e-01
3.946741066174783441e+01 -4.285808434825100210e-01
3.945751429645753205e+01 -4.623482884150916794e-01
3.958794936815388610e+01 -4.952563461093328345e-01
3.942520908769608923e+01 -5.274699967033198433e-01
3.943812704154277071e+01 -5.592540267428566247e-01
3.957338726614767666e+01 -5.896317070490503243e-01
3.946884955533056427e+01 -6.189064023399415415e-01
3.949319885971016220e+01 -6.472753873599202956e-01
3.950281724289231988e+01 -6.747075365382052548e-01
3.951466919016718293e+01 -7.014135685276932097e-01
3.944360661587847972e+01 -7.273614809809609838e-01
3.939809380585211329e+01 -7.525422138727108079e-01
3.966405251978198976e+01 -7.763518142262270105e-01
3.952097346272091727e+01 -7.988589628784459329e-01
3.932187127225950007e+01 -8.209347374229313266e-01
3.955768485110138499e+01 -8.418902836781598786e-01
3.954997745160881095e+01 -8.613542867363568334e-01
3.940800109925203287e+01 -8.796147677243320029e-01
3.949763823336797941e+01 -8.965777654119797546e-01
3.959899637963144414e+01 -9.120607641283787759e-01
3.943772186297064763e+01 -9.263358568913473423e-01
3.944657754537274741e+01 -9.396137623537827999e-01
3.955222914956175373e+01 -9.516020755056662228e-01
3.927023220967021189e+01 -9.622861834029686756e-01
3.983887468558850742e+01 -9.715879067951357362e-01
3.960370167106611916e+01 -9.792674472706527355e-01
3.901776926600314255e+01 -9.861293935277517519e-01
4.017811618994528544e+01 -9.917572766616087332e-01
3.873416544302290276e+01 -9.958873330325014317e-01
4.158278086351856473e+01 -9.989146966469722999e-01
6.076481291354866698e+01 -1.000165856914728035e+00
5.645385753933214801e+01 -9.999989770939179401e-01
3.835213288115755859e+01 -9.983520983018590034e-01
4.027473318378542899e+01 -9.956779295445671307e-01
3.933279915028379037e+01 -9.916074939853121162e-01
3.945930613940299736e+01 -9.861141960659616235e-01
3.951776345105190558e+01 -9.791956977154706587e-01
3.951935099383081251e+01 -9.708524373221604220e-01
3.945317746865930530e+01 -9.609781787829403399e-01
3.949027400780209973e+01 -9.496680523634389859e-01
3.948591162200159488e+01 -9.369715959439142150e-01
3.950192380338444309e+01 -9.229500377598471861e-01
3.949540771472982215e+01 -9.076032316817977952e-01
3.948486034341635786e+01 -8.909197796134231684e-01
3.947509313853390722e+01 -8.729265693717368491e-01
3.952166900929682924e+01 -8.536819066034140313e-01
3.952190406917588916e+01 -8.332224697979672134e-01
3.936121306387371988e+01 -8.114440686644703860e-01
3.956795191911055554e+01 -7.886265410810772147e-01
3.957464029669677075e+01 -7.652576671194731839e-01
3.942602158461806994e+01 -7.404434268639685790e-01
3.947697343308590234e+01 -7.146594716427052685e-01
3.940738948080360160e+01 -6.879223140824356486e-01
3.965153338831044039e+01 -6.607641576046928700e-01
3.949679017644376700e+01 -6.329688767672894123e-01
3.935911136620319439e+01 -6.035338774804011042e-01
3.959390331914340777e+01 -5.733876662076252684e-01
3.948706143114407041e+01 -5.424568859699370194e-01
3.945028735241317008e+01 -5.103762131666133017e-01
3.949095594587714686e+01 -4.776575392269868936e-01
3.949342189005147929e+01 -4.443680836935910983e-01
3.952495031933531777e+01 -4.107225107142105647e-01
3.947865082792026215e+01 -3.764813141362113313e-01
3.946451959296535961e+01 -3.416260816501170416e-01
3.949926919428537531e+01 -3.063656322261008036e-01
3.949866524631488574e+01 -2.708858425122105396e-01
3.948677058943721363e+01 -2.350636715197228221e-01
3.951828582837205772e+01 -1.989435425984853734e-01
3.944898931589770541e+01 -1.624278412823851880e-01
3.948954549337341291e+01 -1.255141418227134209e-01
3.956645180295861053e+01 -8.865804658840362173e-02
3.939074546217965889e+01 -5.149461191527765491e-02
3.948191457461143727e+01 -1.409468135598768157e-02
3.964862768487669342e+01 2.263520188074434961e-02
3.937484320246023373e+01 5.956665606741126662e-02
3.944192749759005068e+01 9.701058620117231079e-02
3.961396195567842682e+01 1.336192404542404233e-01
3.945334368160388294e+01 1.700888233189853660e-01
3.946774501563854187e+01 2.066566928452687746e-01
3.949283337572495611e+01 2.429273350900040263e-01
3.948457710915971575e+01 2.788487279724481960e-01
3.950969748231634071e+01 3.142349948445533059e-01
3.951107582182069677e+01 3.491828733957910158e-01
3.945318839761534946e+01 3.837880784095505371e-01
3.947722123133888772e+01 4.180256217515425643e-01
3.952773050083530393e+01 4.514461553928777460e-01
3.945702362407809005e+01 4.842216736847765324e-01
3.956014904742329463e+01 5.164059522612653996e-01
3.944088835866551790e+01 5.479295796382067651e-01
3.947702936852374478e+01 5.792334283369533487e-01
3.952754544701059558e+01 6.093748173381996480e-01
3.945336256157696653e+01 6.388073324246029694e-01
3.948208146653058748e+01 6.670370560879863575e-01
3.957333677367410019e+01 6.942187394056155147e-01
3.946317457189763900e+01 7.202923231775320012e-01
3.942637756759768308e+01 7.459143669789550790e-01
3.958796048314559357e+01 7.703491090780283379e-01
3.945228139312621352e+01 7.939133581012992602e-01
3.946044921973430064e+01 8.166556290229434190e-01
3.951558254840472273e+01 8.382501993205564439e-01
3.947876953123159183e+01 8.585988700102641369e-01
3.948669496485501895e+01 8.776607248487853230e-01
3.951086962153931381e+01 8.953090696113891189e-01
3.948768588241068755e+01 9.115836515058346468e-01
3.948462221049680920e+01 9.265115044785749987e-01
3.949047896162755933e+01 9.400699784663656411e-01
3.950202321344659140e+01 9.522406611597298287e-01
3.947924302279261610e+01 9.630089396146389591e-01
3.940208087382643498e+01 9.723637079936310323e-01
3.967439004322250184e+01 9.802278099522332422e-01
3.947486560464767535e+01 9.865680741074998039e-01
3.934846010403180117e+01 9.916951716494858404e-01
3.923905319292680360e+01 9.954461682522683930e-01
4.210822114407710615e+01 9.977615892336504366e-01
5.236878772039199248e+01 9.986488871950862656e-01
4.960886156586957441e+01 9.984744086433809951e-01
4.035355101981622283e+01 9.969713212205665309e-01
3.867215641757047706e+01 9.938112720743133011e-01
3.981173637563642842e+01 9.893803351858648787e-01
3.999505705293404390e+01 9.838493358709197167e-01
3.903571828178996839e+01 9.764287367635952064e-01
3.953191122377256761e+01 9.677102159676221893e-01
3.961474877842056230e+01 9.580425844569712135e-01
3.948216909337293146e+01 9.472266678045277999e-01
3.947038897668448953e+01 9.351405940570909348e-01
3.949051717054180699e+01 9.217991222881297686e-01
3.946364349075611244e+01 9.072174499594344299e-01
3.951627900604808019e+01 8.914113590505560181e-01
3.953082732669645338e+01 8.743982389648891074e-01
3.945690875253058039e+01 8.559356609609939381e-01
3.953178732489800495e+01 8.360944978174106312e-01
3.937896802312991440e+01 8.150439674259942757e-01
3.951013942237773335e+01 7.928927900903196546e-01
3.957848066407677834e+01 7.703986469582865260e-01
3.942524098343551486e+01 7.466862226825623505e-01
3.977934973143658226e+01 7.218649682139240964e-01
