4.701138015180343466e+00 -5.253496498978966756e-01
4.540831463547562841e+00 -3.520002320368137427e-01
4.414793664947109342e+00 -1.684447721292380573e-01
4.368527548249321768e+00 1.804587752437062168e-02
4.392953695157982175e+00 1.999470643193995423e-01
4.456858119541127650e+00 3.702949023961442099e-01
4.532805383174959957e+00 5.233680936157991681e-01
4.623538162567104592e+00 6.550635602492256293e-01
4.732593752987245495e+00 7.630011240966095842e-01
4.853875023054079918e+00 8.464647768402642214e-01
4.967292181331558254e+00 9.061427079399558826e-01
5.012796027058982418e+00 9.435720821331432528e-01
6.051995806559261837e+00 9.603448289440283947e-01
5.784445121405138224e+00 9.573265456497738191e-01
5.104158168722872091e+00 9.342878942382382146e-01
4.919425313286911461e+00 8.902176438390321245e-01
4.758662810253046160e+00 8.242117914648717791e-01
4.631493143887993824e+00 7.364516090778780999e-01
4.543062129431936214e+00 6.287474446224072810e-01
4.488067593254654319e+00 5.043830235815367491e-01
4.457074651442422208e+00 3.674284160638880969e-01
4.442856377322528694e+00 2.219540472402229125e-01
4.442804748340579479e+00 7.151608354352309571e-02
4.456617980930483114e+00 -8.099565984088540060e-02
4.482457123888970330e+00 -2.332254110837449490e-01
4.515665597214447047e+00 -3.830036116171645633e-01
4.551822265684885238e+00 -5.278639707434513717e-01
4.591265122825873846e+00 -6.645406824332951157e-01
4.639785651865274474e+00 -7.887031831318132014e-01
4.702312716484438937e+00 -8.951816557499208127e-01
4.772452175307989819e+00 -9.787320390637084255e-01
4.813771968314071614e+00 -1.034913110971026784e+00
5.368223922553966077e+00 -1.060571796159775593e+00
5.182247392241563944e+00 -1.053790672541081053e+00
4.901507919817071013e+00 -1.013650054592588390e+00
4.787686414496207021e+00 -9.402829576131976896e-01
4.678471235504597203e+00 -8.353516834158670745e-01
4.590401725581571668e+00 -7.024988245068862769e-01
4.530280697378612942e+00 -5.471729778732066229e-01
4.490190977611402623e+00 -3.757356458580102254e-01
4.456649869972113542e+00 -1.944943524830858028e-01
4.423768464206987439e+00 -9.390834496061059231e-03
4.401446388694242096e+00 1.735234698306788725e-01
4.412527203473757709e+00 3.475303998717952925e-01
4.480546755312595053e+00 5.055309446448139621e-01
4.613708347052824621e+00 6.414171911979132945e-01
4.789130634673433917e+00 7.517085535931394835e-01
4.943018194279787281e+00 8.362254102477346684e-01
4.980524504697015686e+00 8.972129958767901536e-01
4.768065083634411394e+00 9.373936171120942351e-01
-3.607419852536168037e+00 9.582047116063129311e-01
-4.551163106194392682e+00 9.592705480664283080e-01
5.134509561346149553e+00 9.391739509618086679e-01
4.817299930492964677e+00 8.967693258364060060e-01
4.694238082499825992e+00 8.321152922795204132e-01
4.631925759566167144e+00 7.466165753897170410e-01
4.585602876646634130e+00 6.425449831794762812e-01
4.536815094175243424e+00 5.225140820913029005e-01
4.485915979787777452e+00 3.892700586262153872e-01
4.443779338258689648e+00 2.457611150370582476e-01
4.422120742220561951e+00 9.521958925121719319e-02
4.426866453744430885e+00 -5.892279153106072531e-02
4.456254101188537931e+00 -2.132638511570204565e-01
4.503185321759790583e+00 -3.646289157154477545e-01
4.559187013529661492e+00 -5.100308818250860465e-01
4.616819968284826103e+00 -6.464128837246143622e-01
4.669380031997594216e+00 -7.703436305279838248e-01
4.708739265816138442e+00 -8.778660648839466951e-01
4.721881293638702459e+00 -9.645842893062304135e-01
4.670412973463200501e+00 -1.025977821866667306e+00
1.109654714046973822e+01 -1.057876085041336900e+00
1.078559149708233456e+01 -1.057034038774797624e+00
4.851319986793974692e+00 -1.021738577967268746e+00
4.743438288571509176e+00 -9.522805181895476201e-01
4.675431511434144483e+00 -8.510423696355117196e-01
4.617888134585902193e+00 -7.221147009074750933e-01
4.562062745973117117e+00 -5.705911839062066671e-01
4.504749482238542768e+00 -4.019326454574428387e-01
4.449871849053113060e+00 -2.217710387225825253e-01
4.408370744016880671e+00 -3.617212827358985694e-02
4.394446123659003334e+00 1.480769027060573062e-01
4.420269220317304182e+00 3.236423033245149905e-01
4.491463229966280224e+00 4.834794974139734469e-01
4.603577914667598137e+00 6.220061174836364337e-01
4.739420917462467742e+00 7.360409564776055902e-01
4.868665352703605009e+00 8.249697613796185269e-01
4.948980513657595282e+00 8.900551112540746601e-01
4.911792032229826077e+00 9.332766575422892785e-01
3.564025128583125479e+00 9.562117143843169575e-01
2.951578277029817343e+00 9.593827897069165944e-01
5.183882892892079042e+00 9.422665743509580638e-01
4.916202035818869831e+00 9.038655770845430704e-01
4.762330454392625256e+00 8.435154996706566433e-01
4.651876274193336158e+00 7.615682993377552723e-01
4.572350859114150623e+00 6.596942229490131426e-01
4.515988208061524567e+00 5.407200434256980159e-01
4.476764336362629493e+00 4.081363264441553174e-01
4.451538144409925124e+00 2.655697781529857138e-01
4.439878321496170344e+00 1.164063841327384746e-01
4.442677430262513383e+00 -3.634605018258946912e-02
4.460526385194762966e+00 -1.899758904753052480e-01
4.492714511711964676e+00 -3.418267195007860804e-01
4.537319374332600574e+00 -4.890137096896362001e-01
4.591496339057794529e+00 -6.281677282008614194e-01
4.650417892321607738e+00 -7.553358281736852753e-01
4.705371409745929157e+00 -8.661043265958907611e-01
4.741990186313586264e+00 -9.558963409622653895e-01
4.728869944558169891e+00 -1.020319167171900743e+00
3.535237218462725650e+00 -1.055520877955233194e+00
3.271379684900939111e+00 -1.058545244195262303e+00
4.886213651540234792e+00 -1.027731525090527676e+00
4.770813638415951630e+00 -9.630984200501780945e-01
4.693733089134983771e+00 -8.665506571581036432e-01
4.627584348548264614e+00 -7.417058197789100360e-01
4.566881937969909266e+00 -5.933648331012613131e-01
4.509446121660698914e+00 -4.269400226790353581e-01
4.456823245386678067e+00 -2.481285515055972613e-01
4.415674886636526075e+00 -6.296848978337737934e-02
4.396972786706058400e+00 1.219278160790200766e-01
4.412912502551343152e+00 2.993873299144630407e-01
4.472980601842063919e+00 4.622803324666824309e-01
4.579518978369916837e+00 6.045961842556873966e-01
4.721539620249235014e+00 7.225275451263518667e-01
4.867735142344407961e+00 8.149744191914166658e-01
4.964075183831781146e+00 8.831170256213256575e-01
4.927767458570002646e+00 9.291839810538766731e-01
4.171291038932849915e+00 9.550421878616381921e-01
2.839650142054296111e+00 9.612962223339073242e-01
5.310955584251914274e+00 9.472807564076110021e-01
4.931393565248182398e+00 9.118153882647821451e-01
4.765901515949128253e+00 8.541878026630166376e-01
4.662140085623432739e+00 7.748047259862661518e-01
4.588241940114611950e+00 6.753170858745828342e-01
4.529154972623334885e+00 5.583625087367223294e-01
4.480945912767695383e+00 4.271977511022692631e-01
4.447477712908608716e+00 2.853864563120120379e-01
4.434065481832984545e+00 1.365246201164785345e-01
4.441437199571241834e+00 -1.605066356795432914e-02
4.464562048165343633e+00 -1.694790699088238872e-01
4.496797810220005687e+00 -3.212972094784333765e-01
4.534691489805002362e+00 -4.690170077693417983e-01
4.579057145681277419e+00 -6.095997961287756839e-01
4.631355258108312611e+00 -7.391470532475713506e-01
4.688162500888701345e+00 -8.530200584253767593e-01
4.737613296241917737e+00 -9.463182015679802994e-01
4.755631417100133262e+00 -1.014441089654261940e+00
4.478405137146523884e+00 -1.053497544022002685e+00
4.246932278263983562e+00 -1.060602798933401480e+00
4.889012399324013103e+00 -1.034158614552331823e+00
4.789450312291833711e+00 -9.741212945993713568e-01
4.717382976999644484e+00 -8.821193806832325901e-01
4.648183367188014614e+00 -7.613152032359254973e-01
4.579401181424745282e+00 -6.160343439407628408e-01
4.512641113730182951e+00 -4.513773243828996251e-01
4.453533277101486831e+00 -2.730521635576809714e-01
4.410928405172851896e+00 -8.741815797043647751e-02
4.394890776004433341e+00 9.849363998368240725e-02
4.414387526448371624e+00 2.772556437177279842e-01
4.475008721713424897e+00 4.417561584279379727e-01
4.576001823290917869e+00 5.861877441911841347e-01
4.705589908833033519e+00 7.069166369270152295e-01
4.835549313766598800e+00 8.027975267827790473e-01
4.919329441620895693e+00 8.747186234612709388e-01
4.890488799001630582e+00 9.245116585600074988e-01
4.429139482355026303e+00 9.537017810923484884e-01
4.482069401533408382e-01 9.627306366401596760e-01
5.322982707854549744e+00 9.509993951779853738e-01
4.904104239731342574e+00 9.175843702490149578e-01
4.754812384928360558e+00 8.621187666637316616e-01
4.668822489068238824e+00 7.853124924475525237e-01
4.608079139406173752e+00 6.889016532507170609e-01
4.553770688722177162e+00 5.752723567947600758e-01
4.501189737672346425e+00 4.471544635725429595e-01
4.456558472281073158e+00 3.075296721862390004e-01
4.429764673380693907e+00 1.596241474504398461e-01
4.426802416395636541e+00 6.810659335358176282e-03
4.446601217450991683e+00 -1.476162813523544115e-01
4.483405450811765114e+00 -3.005991420543863701e-01
4.531296242005984354e+00 -4.492357636812875366e-01
4.586356146917474064e+00 -5.904816221231086182e-01
4.644135138977214083e+00 -7.208608664557023538e-01
4.695756373253981764e+00 -8.363990299119048455e-01
4.725989881467434373e+00 -9.327443459725618391e-01
4.708701384980287230e+00 -1.005412162744121041e+00
4.454129627269196590e+00 -1.050091954394634541e+00
3.399977876283401201e+00 -1.063099236716273488e+00
4.940884870413576380e+00 -1.042009730562164949e+00
4.765378513967732488e+00 -9.863326212714463859e-01
4.695974511804232421e+00 -8.978066684121596142e-01
4.646061830095623790e+00 -7.800839890703689106e-01
4.596985090503638460e+00 -6.379161061364955199e-01
4.539593399579174182e+00 -4.763621464291792340e-01
4.475314848645998822e+00 -3.005240763861547482e-01
4.416933638889885216e+00 -1.159514332402707820e-01
4.383685057040120014e+00 7.078264800625583275e-02
4.393807912472702526e+00 2.520348054039941443e-01
4.457607983486939318e+00 4.199430261609753967e-01
4.571052146942536254e+00 5.679075875805621454e-01
4.710500052364539059e+00 6.919341150771399773e-01
4.833175316235553964e+00 7.910109216436495005e-01
4.889234407163911555e+00 8.662956432469867130e-01
4.836217682203240997e+00 9.196226716706388249e-01
4.529182281583075564e+00 9.521997188907042053e-01
8.677781428665639396e+00 9.641301164119177036e-01
5.256939289890642186e+00 9.548234395226631310e-01
4.858533424468888029e+00 9.237819357175865997e-01
4.767099866242116235e+00 8.711298818768480334e-01
4.709337309661314919e+00 7.976492662009651013e-01
4.646137257184880909e+00 7.045799342178148406e-01
4.570916717124589468e+00 5.935506893732095390e-01
4.495997290857136619e+00 4.667900262641279663e-01
4.440182341426821999e+00 3.273887801993979330e-01
4.416438922210139673e+00 1.792144637849969746e-01
4.425527682834177412e+00 2.636251121297433428e-02
4.457299593027141071e+00 -1.275494775275922144e-01
4.497686097517300752e+00 -2.797367499557340542e-01
4.537089417958208415e+00 -4.279921619343198813e-01
4.574769770566134319e+00 -5.699642778397996379e-01
4.615760986226884910e+00 -7.024559474777077872e-01
4.663289024121702653e+00 -8.212080888930120004e-01
4.712369232257053397e+00 -9.212539370276245920e-01
4.745166124682604902e+00 -9.975900331539963029e-01
4.678269668275788717e+00 -1.045823871894029145e+00
1.052529001465445617e+02 -1.062607627873082050e+00
4.965742494180990008e+00 -1.045883053176020150e+00
4.808984492531230615e+00 -9.950981163985336275e-01
4.725338888741072552e+00 -9.114261278284967460e-01
4.653529426961929616e+00 -7.978108289519135754e-01
4.591719599305569055e+00 -6.586586658668990291e-01
4.537128927537243506e+00 -4.992387000062329938e-01
4.485427748942493409e+00 -3.250974159239405359e-01
4.436328042670074190e+00 -1.418758166676763188e-01
4.398415938607060482e+00 4.435808694280771874e-02
4.388865836844908941e+00 2.266750933465896400e-01
4.427581672448375194e+00 3.974396268479835070e-01
4.527658237650994622e+00 5.494020389442405561e-01
4.682554768477054097e+00 6.773269597330957570e-01
4.852342570267882849e+00 7.792027815834849935e-01
4.961543891746593715e+00 8.561332606907394727e-01
4.917670762210264002e+00 9.108261749787301964e-01
4.538336903380809417e+00 9.455858157268726139e-01
7.944202608823161427e+00 9.610170079292073009e-01
6.541712496919622311e+00 9.561118320241054347e-01
4.966769972988309689e+00 9.293948808686256502e-01
4.760937356269540288e+00 8.801807334200343336e-01
4.679152232633590813e+00 8.091103959432980330e-01
4.629060019178853125e+00 7.178944092987407100e-01
4.575839606717076791e+00 6.087667264885422425e-01
4.514185215458679679e+00 4.842255025461454920e-01
4.457841157555448852e+00 3.471498704560485038e-01
4.424783498089129630e+00 2.009439866257823615e-01
4.423941809964688332e+00 4.933664309877846404e-02
4.450304703776939874e+00 -1.041560916158174865e-01
4.489777068124904957e+00 -2.566683287650306511e-01
4.529295140341369930e+00 -4.058950089694965402e-01
4.565073585595951222e+00 -5.494659970613551270e-01
4.602886205989955570e+00 -6.841934102075453161e-01
4.650570366393285582e+00 -8.057452489454322020e-01
4.708289455512513655e+00 -9.089876748097995840e-01
4.762108488012600560e+00 -9.887927779078865553e-01
4.760345621036037755e+00 -1.040787297979884674e+00
5.472512936255498062e+00 -1.061755168838715457e+00
5.021271001904782594e+00 -1.049717783662399873e+00
4.845126880320858476e+00 -1.003963719261810050e+00
4.753096822705380475e+00 -9.252043231753570574e-01
4.668683624740770810e+00 -8.158094969248940176e-01
4.596022569318075846e+00 -6.797875024430214408e-01
4.535661137511350027e+00 -5.223551195509770206e-01
4.483925889441382040e+00 -3.493148328195575525e-01
4.438778525497641958e+00 -1.666736109518592301e-01
4.405301197281586312e+00 1.930794363243685738e-02
4.396732222853087180e+00 2.018298253480943494e-01
4.429641209048691408e+00 3.736282093656289049e-01
4.515352522856070472e+00 5.277958030643435938e-01
4.649669374838349967e+00 6.591232259256498693e-01
4.803575280102261758e+00 7.651699739036434966e-01
4.921551750315799723e+00 8.463129475367009436e-01
4.934587009365799304e+00 9.046359377117669798e-01
4.728438972508968163e+00 9.422620243626287362e-01
8.665874442942822498e+00 9.601453730295572697e-01
7.890603376096915866e+00 9.578876024345903684e-01
5.033231438556747150e+00 9.344070978925214099e-01
4.823224787695846061e+00 8.888740858367066844e-01
4.715809056523610820e+00 8.213447645194016378e-01
4.636602707893382913e+00 7.329046785949010490e-01
4.565137169110137449e+00 6.255420790693885236e-01
4.501681695108140424e+00 5.020408762902783817e-01
4.455847331513901999e+00 3.658654234274812400e-01
4.435824413925527843e+00 2.208476612303038322e-01
4.441213072026288344e+00 7.066464569469645129e-02
4.462376556493838464e+00 -8.166929477555603945e-02
4.487319566969455664e+00 -2.339188336911348365e-01
4.510879258446602869e+00 -3.841295530844353046e-01
4.538562541774221692e+00 -5.297851294206528117e-01
4.581354419391271193e+00 -6.671693285124753459e-01
4.645459895300753317e+00 -7.914145545252267988e-01
4.724057046424977813e+00 -8.971910905796708358e-01
4.792986260780359942e+00 -9.795889716367737199e-01
4.793309429736666516e+00 -1.034686412700640545e+00
5.575473637011327810e+00 -1.059590175198584783e+00
5.279335355134083585e+00 -1.052278193096382264e+00
4.885644120948906988e+00 -1.011658073100362154e+00
4.772169294948541918e+00 -9.379467506309739910e-01
4.680737765178859533e+00 -8.330892405690687452e-01
4.605914479572933651e+00 -7.007984490312766379e-01
4.543246090296909401e+00 -5.461088846091187721e-01
4.487544345843879512e+00 -3.747298238653519187e-01
4.438906427093803231e+00 -1.926974286451744178e-01
4.405082527748440668e+00 -6.446786944721213941e-03
4.398832293687687134e+00 1.770356952668967199e-01
4.431948187388046634e+00 3.504413018244181832e-01
4.509064722990129503e+00 5.069848796812168601e-01
4.623544824112370222e+00 6.415334891676867102e-01
4.756442823168608669e+00 7.513984360906272864e-01
4.878372182248092770e+00 8.363141087912238092e-01
4.952065444965811025e+00 8.976704959649343118e-01
4.912562172274078875e+00 9.373971316186923142e-01
7.535796577217115555e+01 9.569745956098013595e-01
7.493418106938517553e+01 9.569146034843933890e-01
5.117740859085920135e+00 9.367818810936224816e-01
4.910795216565311705e+00 8.956420066268409030e-01
4.762756668700607321e+00 8.327640356456046389e-01
4.645143967681715225e+00 7.483526259987101081e-01
4.558171968397532581e+00 6.440066769309545913e-01
4.500387495385756331e+00 5.226648135625004965e-01
4.466539418755084867e+00 3.880766708505544171e-01
4.449824064097117393e+00 2.441016171275967317e-01
4.444815166226775638e+00 9.416246152627116839e-02
4.449721186852751309e+00 -5.890321657174492354e-02
4.466035278740878134e+00 -2.125965118926523567e-01
4.495967212687850711e+00 -3.643370199893238293e-01
4.539733660412901273e+00 -5.110993644065336960e-01
4.594683288995870640e+00 -6.492430824331358874e-01
4.655632011020790273e+00 -7.745391945822761581e-01
4.714785076696767163e+00 -8.824004797106210773e-01
4.760378246690883941e+00 -9.682422946807710540e-01
4.762668294887760112e+00 -1.027875324759810471e+00
6.403561147333675763e+00 -1.057862336029493422e+00
6.212381584541821766e+00 -1.055772618392192497e+00
4.886571527214645272e+00 -1.020372445412101037e+00
4.791331870676660998e+00 -9.517952563735490035e-01
4.705239517352321599e+00 -8.516909993737893370e-01
4.622424558904032921e+00 -7.232601254981623207e-01
4.547634116350740996e+00 -5.711066218912531633e-01
4.484858054668993788e+00 -4.009231806519791275e-01
4.437082327856439967e+00 -2.191176849608508781e-01
4.408496481638422004e+00 -3.254116381575591216e-02
4.405468777660828117e+00 1.516812999267065087e-01
4.435143033885390551e+00 3.264608321610105168e-01
4.502448212767649949e+00 4.853368504025688535e-01
4.605420869957089991e+00 6.232613640563152702e-01
4.729866699198609581e+00 7.372720928499725268e-01
4.847138620656757269e+00 8.266495832668002697e-01
4.917681661450110653e+00 8.923505253069142773e-01
4.883556134919558644e+00 9.359673431672985711e-01
3.325638907945176470e+00 9.587403086235033456e-01
2.885531723752471578e+00 9.610631968638277955e-01
5.075914604244012196e+00 9.425835689643439208e-01
4.877849096945851670e+00 9.027275878668321596e-01
4.756105240139831380e+00 8.412873444307475967e-01
4.659184876348559712e+00 7.588666412247347948e-01
4.579737520777959148e+00 6.570781641400480488e-01
4.518210900297198407e+00 5.385131549295961717e-01
4.476123661656925101e+00 4.064520626903314060e-01
4.453008632335488493e+00 2.644074908674962088e-01
4.445231941913851514e+00 1.156772791908345227e-01
4.447837222267035706e+00 -3.690872996710647252e-02
4.458934025286271918e+00 -1.908559565020353233e-01
4.481769198323757308e+00 -3.435373745106189425e-01
4.522336825600451249e+00 -4.917415761242434069e-01
4.583780099037978673e+00 -6.315232652110960299e-01
4.660542478475081296e+00 -7.584600156291176898e-01
4.735199226637881509e+00 -8.681137916190659887e-01
4.778108683552446223e+00 -9.563931533934879603e-01
4.734442343544856158e+00 -1.019622909100331487e+00
2.971220552163003958e+00 -1.054425265013920088e+00
2.523025978384769274e+00 -1.057803604329696112e+00
4.960943197374575675e+00 -1.027586774342918563e+00
4.777994739936413993e+00 -9.631898261374941539e-01
4.679525990826972404e+00 -8.662166267126901742e-01
4.613279326981521322e+00 -7.404505281212669932e-01
4.562052024415256923e+00 -5.911419593851489074e-01
4.512758656952898129e+00 -4.240512395073326446e-01
4.460457982335992000e+00 -2.449239794993506303e-01
4.412706210703499998e+00 -5.964686020670786210e-02
4.388148847033496835e+00 1.252151690133695983e-01
4.408133036918655101e+00 3.022747764235474421e-01
4.484909946667545277e+00 4.641306196500851744e-01
4.610281846570002173e+00 6.048937856171775485e-01
4.749258206919403591e+00 7.214588595934743331e-01
4.847628556051837734e+00 8.135987905616608451e-01
4.857614691665951057e+00 8.827774208224894448e-01
4.753840600981149578e+00 9.305007075593305643e-01
4.142585826033496232e+00 9.572916262069907090e-01
3.554341003572858426e+00 9.627753009464026235e-01
4.912977752179479296e+00 9.464934634392168089e-01
4.788826726210412943e+00 9.085716031741581933e-01
4.753513829283988912e+00 8.497615191590645045e-01
4.708594651540046527e+00 7.710549043496917054e-01
4.637027492676725871e+00 6.734899882636270485e-01
4.552151513426887064e+00 5.584473569843840801e-01
4.477583098251495031e+00 4.281601210957556303e-01
4.430365471243347564e+00 2.859116678535003619e-01
4.414721492875228748e+00 1.356945448609666038e-01
4.425656998141461074e+00 -1.844950898320143334e-02
4.455990868737689681e+00 -1.729495265853474295e-01
4.500475602299754740e+00 -3.248212994525075392e-01
4.554328859819058550e+00 -4.714275669867882823e-01
4.609641034068980403e+00 -6.101256033947518587e-01
4.655185777320046014e+00 -7.379003525999121571e-01
4.680950704558323849e+00 -8.510498080411594835e-01
4.682768164474069295e+00 -9.450299256256990965e-01
4.657076602118010555e+00 -1.014688310898174128e+00
4.382186168985185759e+00 -1.055005400150147876e+00
4.176413186262927013e+00 -1.062154807151003189e+00
4.777642897199317673e+00 -1.034406262261173159e+00
4.729041830688796466e+00 -9.724131704139010735e-01
4.697404544547890026e+00 -8.788087919338259946e-01
4.653194768120549440e+00 -7.574448427149758079e-01
4.594279545199996484e+00 -6.127318642596348841e-01
4.527413981495851836e+00 -4.493486611256209406e-01
4.463217195504004309e+00 -2.723545415803514946e-01
4.412903105819793836e+00 -8.750415321276376612e-02
4.387665639391783223e+00 9.850867183105224689e-02
4.399116354953414465e+00 2.781638025510840828e-01
4.457973648948346579e+00 4.438119063190338331e-01
4.569161031608151902e+00 5.889005124299080407e-01
4.722217973478120001e+00 7.092633465455374653e-01
4.880127851963511176e+00 8.037945990001924557e-01
4.975859802704754031e+00 8.739930018413994972e-01
4.915727892957477252e+00 9.225090855486828278e-01
4.320710504950227460e+00 9.514331108638097723e-01
-2.550455293119284761e+01 9.612383999716327398e-01
5.616164164631378242e+00 9.508826017867716418e-01
4.961524564989982622e+00 9.188045495689615150e-01
4.763899684757568309e+00 8.640811796928653532e-01
4.658468240810556438e+00 7.871217585658742966e-01
4.591059104889325226e+00 6.897032241751110959e-01
4.538805214910721197e+00 5.745716271163040512e-01
4.493931227223137093e+00 4.449803237771834397e-01
4.458309199146745172e+00 3.043540896646881877e-01
4.437378575907630740e+00 1.560905808068610567e-01
4.435027484192223923e+00 3.416430225469245952e-03
4.451375768378577291e+00 -1.506735609323918146e-01
4.483442192366527301e+00 -3.033729914138906802e-01
4.527581890470417925e+00 -4.518614100204525474e-01
4.580674103585451462e+00 -5.930161214990354868e-01
4.639283639183910068e+00 -7.232150517413806767e-01
4.697078399957348438e+00 -8.383310954541840498e-01
4.741504916559634353e+00 -9.339515596183717294e-01
4.744976410825373137e+00 -1.005701754682570837e+00
4.496713875735508736e+00 -1.049581513335885452e+00
3.393430206148366324e+00 -1.062262327160268249e+00
5.029971069670899908e+00 -1.041420074371527615e+00
4.822018965523461986e+00 -9.861619608730985975e-01
4.714544076403777595e+00 -8.974764671512384107e-01
4.630479997318813545e+00 -7.784350949923064533e-01
4.563999786098694500e+00 -6.339358322076926733e-01
4.511186344016235417e+00 -4.700055004070823328e-01
4.467802198187600382e+00 -2.930251383722940473e-01
4.433085611097124179e+00 -1.092947145443337875e-01
4.412543949726259740e+00 7.492947113514306090e-02
4.417081218799079778e+00 2.532276372326425218e-01
4.458505198638306410e+00 4.191097857510530100e-01
4.543007933957259326e+00 5.666704765403727251e-01
4.664701172928559458e+00 6.915689760701477784e-01
4.800811112985432061e+00 7.917376353031401193e-01
4.912040855167887798e+00 8.673323091253447581e-01
4.945679100205452983e+00 9.198727487470101938e-01
4.739115901313425638e+00 9.510606968364789804e-01
1.089133396722399993e+01 9.618743917858043613e-01
5.303634626235677274e+00 9.523299216371903242e-01
4.944117917592166123e+00 9.218634364732327668e-01
4.804989216786935913e+00 8.700080332329194199e-01
4.707882741006894634e+00 7.969326892809798224e-01
4.628981044185335847e+00 7.036781160017163694e-01
4.557657310204223045e+00 5.921266576054584618e-01
4.492888096492820615e+00 4.649082537561710082e-01
4.442211592594251357e+00 3.253216739927334289e-01
4.416705013247904432e+00 1.772008538063292171e-01
4.423197976860040015e+00 2.455918649681784055e-02
4.458072095769754384e+00 -1.289642237329772789e-01
4.506736801534994896e+00 -2.805556182180399261e-01
4.551252816505906296e+00 -4.281887496266865711e-01
4.582028144784025869e+00 -5.699292620876127424e-01
4.604214311068147936e+00 -7.029407830113996170e-01
4.632982252765732056e+00 -8.228537255538500572e-01
4.682057295599740598e+00 -9.240330405149120852e-01
4.756033810992384758e+00 -1.000648035152827076e+00
4.879378813997760744e+00 -1.047920813361965742e+00
5.400560043584391678e+00 -1.062866263336323946e+00
4.799676575774267206e+00 -1.044302429797229204e+00
4.812302621112966250e+00 -9.924682611029719270e-01
4.757527536790828293e+00 -9.087315736632981533e-01
4.679364332568791696e+00 -7.955713758756299825e-01
4.597959018593329894e+00 -6.566595299171907874e-01
4.524510572711445633e+00 -4.967965366759129475e-01
4.463664812919276415e+00 -3.216652840358017462e-01
4.418956160716106751e+00 -1.376050563602133348e-01
4.397138828354072437e+00 4.849267258341503906e-02
4.407942370022913003e+00 2.293375853940854137e-01
4.459224352185886531e+00 3.977651414568205701e-01
4.550403762721199286e+00 5.476689062262347640e-01
4.667541040786680639e+00 6.749505807579820882e-01
4.783794243344825503e+00 7.779222764280973035e-01
4.867676945500541308e+00 8.568830709680453905e-01
4.892689339997403408e+00 9.131142178498732331e-01
4.800102659337113664e+00 9.478802390074495543e-01
5.866849971039073353e+00 9.618841495893165616e-01
5.272882404503693721e+00 9.552415886528405897e-01
4.943489460609853836e+00 9.277243472689311599e-01
4.838009147888435280e+00 8.790548167895854137e-01
4.738752101634759129e+00 8.092046573568447698e-01
4.639370040835595788e+00 7.187637012294786354e-01
4.551021733201995545e+00 6.093317344624420429e-01
4.486109682755604844e+00 4.836962721214259076e-01
4.450309793418604443e+00 3.455739674245219550e-01
4.440122781967123622e+00 1.989620382518625663e-01
4.445793788505294053e+00 4.743626741925528745e-02
4.458130195704687715e+00 -1.061671483528421889e-01
4.474995662125719420e+00 -2.594853054611270249e-01
4.502547618585913902e+00 -4.099891806425182694e-01
4.549422275032472207e+00 -5.544390685000891716e-01
4.617470885129847602e+00 -6.888154345600252526e-01
4.694624433919337037e+00 -8.087036481281451028e-01
4.753979472006324869e+00 -9.097932364256485771e-01
4.755666805118025309e+00 -9.881014884038573642e-01
4.580696582130968864e+00 -1.039886623563773371e+00
6.486908632078439041e+00 -1.061592370124242901e+00
5.339155833775510729e+00 -1.050233148932116389e+00
4.825998754902489196e+00 -1.004244762729918694e+00
4.707402990438547263e+00 -9.243104041717347119e-01
4.643490577136926589e+00 -8.135513802121884241e-01
4.598921993056969804e+00 -6.768198825147816455e-01
4.552966819020760170e+00 -5.195688088915364489e-01
4.496524267828537980e+00 -3.471075740153347078e-01
4.436584982363498852e+00 -1.647301755286355307e-01
4.393046917101483650e+00 2.156794692175186337e-02
4.388252250078574335e+00 2.046275341624251565e-01
4.435821037167200664e+00 3.766414470848572504e-01
4.533492271870644075e+00 5.305576569165421086e-01
4.661100720779661088e+00 6.615527959598580532e-01
4.785064534830343774e+00 7.676570741040054102e-01
4.870960945110041962e+00 8.492385547472374174e-01
4.897503597169830414e+00 9.077827797409171451e-01
4.837612489990220865e+00 9.447461108897867721e-01
5.666267159273729703e+00 9.610025989647180689e-01
5.380482896260723180e+00 9.568506694255785039e-01
4.951061566323932794e+00 9.322338123012917643e-01
4.862563135501051903e+00 8.869208664689880450e-01
4.771203449727892121e+00 8.207126100576275229e-01
4.669107944563348767e+00 7.337905763051359997e-01
4.569441885179630347e+00 6.272133062298347328e-01
4.489194227730761710e+00 5.033243024691014256e-01
4.440076014077665612e+00 3.657467366340507731e-01
4.424600325192002082e+00 2.188400895120767575e-01
4.436354276693514009e+00 6.685010131820867674e-02
4.463137648534070578e+00 -8.679338618515722303e-02
4.492662631564915188e+00 -2.396469993140135091e-01
4.519344806588327046e+00 -3.897674770929087096e-01
4.547378748619147260e+00 -5.348351628292666859e-01
4.587456656992749515e+00 -6.714487664514406928e-01
4.648434214974482614e+00 -7.950156607693956712e-01
4.727514271823562098e+00 -9.003346250343119417e-01
4.801080665513325130e+00 -9.824968110566730806e-01
4.792273682439486038e+00 -1.037552400552747445e+00
5.952958551778010587e+00 -1.062594019900299447e+00
5.526813765545618651e+00 -1.055471579559553730e+00
4.944754969477287432e+00 -1.014697889768881200e+00
4.784055829524165304e+00 -9.399247358952557141e-01
4.659153769787758748e+00 -8.327682504126536767e-01
4.571651069817209034e+00 -6.973102807152556926e-01
4.519486488406722735e+00 -5.396732886912188887e-01
4.488589930095850278e+00 -3.667887823755098253e-01
4.461915587166739527e+00 -1.851933579582711875e-01
4.432265982066484256e+00 -6.824928416831551768e-04
4.409706338333207576e+00 1.810906978606764417e-01
4.417865009390012254e+00 3.538758181783737689e-01
4.481015457497742105e+00 5.109307650909001852e-01
4.608127711072716792e+00 6.462810924996155171e-01
4.778146450505317944e+00 7.563379430711748563e-01
4.932465709251651731e+00 8.406605600433573189e-01
4.985292434640612669e+00 9.012045631682471525e-01
4.816373319383330909e+00 9.405303248248618742e-01
4.344453340660766116e+01 9.601410262585176048e-01
4.271698958056500572e+01 9.599474163829618822e-01
5.086561896867028310e+00 9.389036379987146796e-01
4.847336451496094156e+00 8.960782178376546225e-01
4.737335259320424541e+00 8.313575085000155518e-01
4.657603891514481731e+00 7.455737046627778364e-01
4.579678831479032652e+00 6.403709883601629294e-01
4.504355312386279842e+00 5.182167249197995318e-01
4.447680678773787477e+00 3.825032428822755515e-01
4.424660714597612454e+00 2.373806302624528464e-01
4.436630472173812123e+00 8.707669180661239960e-02
4.468908243207146747e+00 -6.498469636249749881e-02
4.500282442650545889e+00 -2.166150761331604724e-01
4.518812504388880491e+00 -3.663794988317769508e-01
4.531338916394112459e+00 -5.124097530703827230e-01
4.558219802581374935e+00 -6.513203976505526072e-01
4.617813094497295268e+00 -7.780373874355599462e-01
4.712167589754539421e+00 -8.866976764626054441e-01
4.820388760291230312e+00 -9.719821759428169949e-01
4.891531832639728350e+00 -1.029998534756480177e+00
5.803568381751574634e+00 -1.058301937465407017e+00
5.654318689149237187e+00 -1.055318626729536691e+00
4.962835437335545663e+00 -1.019932135918881766e+00
4.828552390040842468e+00 -9.517066925070896133e-01
4.708452467065784575e+00 -8.515974505012465778e-01
4.610524620586359035e+00 -7.225196630710166712e-01
4.536846684970794463e+00 -5.692974823238261539e-01
4.481780832572656692e+00 -3.980416652774651509e-01
4.439615048370939121e+00 -2.154285441134658752e-01
4.411089123502913267e+00 -2.833735013871379119e-02
4.404395901126685331e+00 1.561750814649394969e-01
4.431068114035040750e+00 3.309952495353854496e-01
4.499617364027891142e+00 4.895187987711833166e-01
4.609574093973716202e+00 6.265911506227560546e-01
4.745941953466338958e+00 7.393226891814939084e-01
4.875784426596418086e+00 8.272934762248690399e-01
4.947889431710862596e+00 8.919004935910802567e-01
4.874962418793529650e+00 9.351625082682724077e-01
3.337449261189703975e+00 9.585328846177503248e-01
2.470461274738653401e+00 9.622318034686621058e-01
5.233897911969087602e+00 9.453456355370054576e-01
4.889551197862218146e+00 9.066057376242285804e-01
4.724711001507468922e+00 8.454373048477148433e-01
4.631512238216622279e+00 7.626447458930046830e-01
4.580050507433572449e+00 6.604009346825550075e-01
4.544598832927595922e+00 5.416097246536970555e-01
4.506330405810233586e+00 4.091935966258478108e-01
4.461575189385234452e+00 2.658307825668820290e-01
4.422753057710171021e+00 1.142900968848434423e-01
4.408709777573923461e+00 -4.209757210234028185e-02
4.431679055788124266e+00 -1.993625993844598820e-01
4.489187136636022757e+00 -3.533573797497266411e-01
4.564938509167173919e+00 -5.003745340415080012e-01
4.637465018138449580e+00 -6.373787617925095184e-01
4.690264311085350357e+00 -7.616320058826084871e-01
4.715166114468065217e+00 -8.700309055992629936e-01
4.705659826275365276e+00 -9.586985482266660030e-01
4.629988121943100055e+00 -1.023109094473224179e+00
2.605289371027083689e+00 -1.058681620665004486e+00
2.193263578831805560e+00 -1.061601944861368496e+00
4.862439920739568322e+00 -1.029665489206996298e+00
4.725559858664025725e+00 -9.629336123867132669e-01
4.661341053851943528e+00 -8.639307182227801141e-01
4.619022391076160972e+00 -7.371481764795543290e-01
4.579349831453212616e+00 -5.879834416822510290e-01
4.529156126829793294e+00 -4.217400672844331400e-01
4.467622213562107980e+00 -2.433823971715078915e-01
4.409722306099165934e+00 -5.817923329260933640e-02
4.379933382298725419e+00 1.274248227310893766e-01
4.399995598511994288e+00 3.056996206307048825e-01
4.478098390299300569e+00 4.687394956401259027e-01
4.603558396268482511e+00 6.102436035668745706e-01
4.747350914442787229e+00 7.268193121971462389e-01
4.869382628929891155e+00 8.180593391655300861e-01
4.930228721801995562e+00 8.854860180431919359e-01
4.884609146985596340e+00 9.311073580742343925e-01
4.151069972760410565e+00 9.563408851914591002e-01
3.313621771326353382e+00 9.616120775409676691e-01
5.208344072725736851e+00 9.464644648650969438e-01
4.927849198370463313e+00 9.100086364436523745e-01
4.774472824435374463e+00 8.515938834339977781e-01
4.660311172677220171e+00 7.714892699013945476e-01
4.577321689258315729e+00 6.712912918945125318e-01
4.520084691746570016e+00 5.538226509545811638e-01
4.481196310316352793e+00 4.226198691737360624e-01
4.454950010315217312e+00 2.813088025576766515e-01
4.440878021768055461e+00 1.332104019281674656e-01
4.442267512529300078e+00 -1.872977614154906420e-02
4.460841061281773712e+00 -1.718412068374939594e-01
4.493267707464839944e+00 -3.235759920667954925e-01
4.533759137530678274e+00 -4.712750549302623937e-01
4.579257034708842156e+00 -6.117921244336407272e-01
4.631035378522934565e+00 -7.412010369775092755e-01
4.689736854549916956e+00 -8.548179019864002859e-01
4.746574903211190133e+00 -9.476787672195066126e-01
4.771547083965771208e+00 -1.015203769139357837e+00
4.401233494751636499e+00 -1.053670803333891959e+00
4.123829295542257967e+00 -1.060351085736310761e+00
4.933758984719815999e+00 -1.033587063892851932e+00
4.799956872546736975e+00 -9.730612691438591533e-01
4.707648311731539081e+00 -8.801779104580937929e-01
4.632660362810142374e+00 -7.581977101413762687e-01
4.570048613650296687e+00 -6.118707498468333172e-01
4.513201936708355788e+00 -4.467301529396087711e-01
4.459890180844434227e+00 -2.685769135536145158e-01
4.416930322730906688e+00 -8.350398409471941619e-02
4.397600868670775043e+00 1.018176403212274900e-01
4.414469530777045847e+00 2.801742524183311600e-01
4.473311215413527719e+00 4.444877556540068886e-01
4.570644967995765029e+00 5.888824735289556189e-01
4.694183951980935632e+00 7.096007495439898838e-01
4.824021931253913209e+00 8.052836874834666814e-01
4.932007577968391843e+00 8.765504835256958671e-01
4.972776946398170139e+00 9.251148211347561823e-01
4.695514092565588271e+00 9.527839469510257508e-01
3.146164630822227082e+00 9.606461846363171242e-01
5.291586382948693768e+00 9.487105103380701898e-01
4.991014408573235528e+00 9.161357461680331715e-01
4.824556222153795204e+00 8.619378349015226481e-01
4.696164865276751144e+00 7.858391507523792008e-01
4.596019248035680960e+00 6.888295654400592438e-01
4.519077737501812742e+00 5.732692460491244368e-01
4.464947339286847061e+00 4.426411321128201903e-01
4.437405301188016793e+00 3.010960325877906074e-01
4.438178705634229892e+00 1.528303846530318089e-01
4.459780073899281660e+00 1.400836661118032636e-03
4.485782950807238656e+00 -1.507157822764766397e-01
4.502517507221986293e+00 -3.019049749168333796e-01
4.513186863523642067e+00 -4.504378501542824487e-01
4.538618114122497715e+00 -5.933006336129494906e-01
4.600496175563204559e+00 -7.257778727625443516e-01
4.699228936039673954e+00 -8.422267922381777572e-01
4.799838605528421454e+00 -9.374392163330671490e-01
4.825173259109206469e+00 -1.007504916070162126e+00
4.385931687169659199e+00 -1.049591419352288835e+00
3.096486866117857062e+00 -1.061169663845806577e+00
5.155320648678035411e+00 -1.039786235573212148e+00
4.821808474571039227e+00 -9.839568646382946815e-01
4.680333795216675696e+00 -8.945039519489735858e-01
4.609515979765411942e+00 -7.750846843093529559e-01
4.573470528534115509e+00 -6.313117880394539805e-01
4.539983304792906793e+00 -4.691646415227150868e-01
4.491301515631876740e+00 -2.939836120984777312e-01
4.433451008830108009e+00 -1.107536647000695734e-01
4.390350367759554118e+00 7.480008840593269093e-02
4.387935857959832653e+00 2.555783622540018785e-01
4.441723583038973189e+00 4.237134003871891874e-01
4.551714207787508570e+00 5.721460965633765605e-01
4.701060268020848198e+00 6.962419249000653121e-01
4.854682038630379282e+00 7.944910595305938461e-01
4.959463072580071241e+00 8.680102774809065336e-01
4.942083378897521584e+00 9.191755059377952897e-01
4.544177998995905909e+00 9.501014830991288962e-01
1.020352608957773555e+01 9.616039763027082188e-01
5.718292927362504940e+00 9.530622599703866271e-01
4.999008981166014109e+00 9.231297052950196980e-01
4.791850685871185789e+00 8.708070136228889258e-01
4.673524295406968676e+00 7.962695146096302468e-01
4.594664452981650271e+00 7.010794109350708680e-01
4.534998451269220965e+00 5.879194559371454520e-01
4.488792212072158172e+00 4.601413611655035263e-01
4.459589948369036883e+00 3.213716895632369730e-01
4.450286465170004924e+00 1.751363014390348860e-01
4.455487130879393298e+00 2.446221927014358144e-02
4.464438547334892426e+00 -1.283072707226643738e-01
4.473004530141063029e+00 -2.811501183002370063e-01
4.491678387428462038e+00 -4.315211802930874474e-01
4.539214297465465897e+00 -5.756825182913120065e-01
4.624465477093572474e+00 -7.088306143476796883e-01
4.728804385704066249e+00 -8.260273376254089195e-01
4.801927886276306623e+00 -9.231358040277657384e-01
4.769071992406082927e+00 -9.969356793429746677e-01
4.377734251283101230e+00 -1.044393309361927757e+00
1.528626860957183453e+01 -1.062036110805681943e+00
5.348319170991238991e+00 -1.046390428903046121e+00
4.808787885678434293e+00 -9.954506750968551421e-01
4.672956959077561478e+00 -9.100593421360271273e-01
4.617479114747800040e+00 -7.940565811238926575e-01
4.586194463916910102e+00 -6.530619363604092120e-01
4.547675648233084900e+00 -4.929093525547591503e-01
4.492734281651820538e+00 -3.188989197969027689e-01
4.433827928046159883e+00 -1.362036023403116747e-01
4.394128104664643431e+00 4.925163306815106418e-02
4.393935091994213948e+00 2.304165797326921394e-01
4.443093826141675251e+00 3.997499999505373380e-01
4.540024490937256019e+00 5.505424550052190336e-01
4.671590283846107639e+00 6.781782852028293007e-01
4.810157439240366983e+00 7.807371762988652986e-01
4.912002526266448399e+00 8.586978359844595898e-01
4.920899622588549960e+00 9.138700843605681579e-01
4.698299921783643640e+00 9.480486860173602537e-01
6.810012570480466820e+00 9.620699891268200687e-01
5.658132767909169303e+00 9.556675981200897230e-01
4.955061084794166959e+00 9.280596378720079587e-01
4.803848971991644845e+00 8.787525241333239423e-01
4.714514882285076425e+00 8.080362878900997359e-01
4.638258052452057356e+00 7.170055934514816265e-01
4.561641464808252167e+00 6.074512924865540509e-01
4.492477273251626713e+00 4.819391262547328414e-01
4.446531237687352700e+00 3.438756537919969714e-01
4.432353145437462949e+00 1.972177220294092093e-01
4.443584307310484149e+00 4.577021856357260665e-02
4.464329344869538474e+00 -1.074536930997366940e-01
4.483716130835497360e+00 -2.602397368631604313e-01
4.506064608942675243e+00 -4.104128966325332750e-01
4.545463938578841123e+00 -5.549584228419957022e-01
4.609549891321425008e+00 -6.897681868216080092e-01
4.687047085956638881e+00 -8.101492558398006860e-01
4.749231317094881888e+00 -9.115384522668777967e-01
4.759614667227481277e+00 -9.898129163615605464e-01
4.627285763378040429e+00 -1.041183830020961487e+00
6.166489630749424578e+00 -1.062167102754702830e+00
5.168575803594603002e+00 -1.050057365823130251e+00
4.826324112631937169e+00 -1.003691451704179283e+00
4.736091812447577709e+00 -9.239197728637612572e-01
4.667838432530080794e+00 -8.134986720857100284e-01
4.600510218343853097e+00 -6.765747974321848490e-01
4.533021974228153894e+00 -5.182020757530754196e-01
4.473080693547855091e+00 -3.441181610281189851e-01
4.429375514738632447e+00 -1.606722933312531576e-01
4.406930039668846888e+00 2.534117047335066042e-02
4.409162935462052069e+00 2.069547268124789230e-01
4.443055775923084205e+00 3.773439356293998848e-01
4.519442050729939098e+00 5.302977227143367278e-01
4.643441939296259591e+00 6.610166349378445716e-01
4.796207508404279451e+00 7.669824570926725427e-01
4.919074122248659364e+00 8.482741875169520496e-01
4.919324435595044065e+00 9.067921151790623302e-01
4.639225941783479357e+00 9.445985528349908344e-01
8.455814765280365464e+00 9.624291744405216731e-01
7.505837148882481102e+00 9.594546788196872678e-01
4.944832911487491600e+00 9.343590756453687973e-01
4.747246184736347629e+00 8.867046368252106125e-01
4.686882099032992244e+00 8.174613221410655939e-01
4.652351425303512755e+00 7.284849419738067544e-01
4.598361721900962706e+00 6.217469913242982260e-01
4.523445955444406863e+00 4.992203044874299334e-01
4.454559029534180148e+00 3.634343841045343249e-01
4.418974605688487323e+00 2.178700427214592672e-01
4.423612680206781000e+00 6.658116449993245478e-02
4.453741518431666435e+00 -8.672719719880320199e-02
4.488424234819092362e+00 -2.393199028923217730e-01
4.518756925879158892e+00 -3.891289741848155681e-01
4.552222058707454444e+00 -5.337846744901363349e-01
4.599761483591104039e+00 -6.698697623520076805e-01
4.660227931705517079e+00 -7.929653814027277647e-01
4.716135097620888672e+00 -8.982164790213449379e-01
4.738979650258563936e+00 -9.808789764948431245e-01
4.668529221616296354e+00 -1.036608868491315505e+00
5.618930072620514693e+00 -1.061661524166350734e+00
5.215635570180804592e+00 -1.053310059017118272e+00
4.796147973120341135e+00 -1.010493133854127201e+00
4.718761405321188818e+00 -9.342913908704684189e-01
4.668883733856050711e+00 -8.277719532767215949e-01
4.622212347375218577e+00 -6.952638661813863585e-01
4.567863315030727733e+00 -5.415353011568009300e-01
4.504297760631761349e+00 -3.714016247400327986e-01
4.440000929584354772e+00 -1.899509840492544788e-01
4.391360782158012732e+00 -3.167726257970287975e-03
4.377792989169733140e+00 1.816786571845255271e-01
4.415987427984938485e+00 3.564490469609208345e-01
4.512893548427873824e+00 5.134516470753551776e-01
4.656402428223167078e+00 6.471252212852209862e-01
4.807749690302578927e+00 7.551539875760663323e-01
4.908333676121515055e+00 8.382563431335756654e-01
4.904561196003115242e+00 8.987043814135129427e-01
4.740217106694274207e+00 9.385483559824843169e-01
5.274750023963133572e+01 9.585884082327672528e-01
5.218545217144301773e+01 9.584671473039529932e-01
5.018135344474526249e+00 9.373982521511359245e-01
4.858824128671059839e+00 8.948132335071754540e-01
4.760691922357519701e+00 8.305812280259399216e-01
4.659265580947863583e+00 7.451233144907485340e-01
4.560387795653095822e+00 6.397918401898555762e-01
4.486915266706754224e+00 5.173064949029639870e-01
4.452670497604920286e+00 3.816584683054427551e-01
4.450855090406280468e+00 2.372316280553556089e-01
4.460289053686150140e+00 8.766961694892803914e-02
4.464064515997066884e+00 -6.460512503473631041e-02
4.464643509952192169e+00 -2.177920954131729314e-01
4.480560307809644982e+00 -3.696019348376152758e-01
4.527891142429137261e+00 -5.166106031757494721e-01
4.603376977528787606e+00 -6.545141150280309184e-01
4.682557572634966192e+00 -7.788636044867446317e-01
4.733741586290797443e+00 -8.855200710503937644e-01
4.734957052307841252e+00 -9.705113565652754293e-01
4.659978077633795124e+00 -1.029735948908948817e+00
6.192756771444464903e+00 -1.059175675611139678e+00
5.911319375030025469e+00 -1.055729236621587130e+00
4.813245676923120442e+00 -1.018077019425083218e+00
4.745420038155261366e+00 -9.469995638788267778e-01
4.693558102341400584e+00 -8.450401537857893386e-01
4.631655960352547119e+00 -7.158907880164955273e-01
4.560861756269931178e+00 -5.639843835209982226e-01
4.491972654615731919e+00 -3.944386050237102537e-01
4.436636409139211423e+00 -2.131322354833738442e-01
4.403431035673562199e+00 -2.669264129608287656e-02
4.398715422311902046e+00 1.576849855478570372e-01
4.428579745244014987e+00 3.326515606680385817e-01
4.498373862305508730e+00 4.914149976912363660e-01
4.608247389500116142e+00 6.286491148875851254e-01
4.745386247482656472e+00 7.412917031635578580e-01
4.877693675259131112e+00 8.287970970076888877e-01
4.955595100010619092e+00 8.925500197428094529e-01
4.900787667651528068e+00 9.346302936428614316e-01
2.831790691180003705e+00 9.566071560714073385e-01
2.233757815438465855e+00 9.589030600575807473e-01
5.169904922942571091e+00 9.408960469553840911e-01
4.909505327805678832e+00 9.015569241913462539e-01
4.759301805155281784e+00 8.402573519590517126e-01
4.648630608481623128e+00 7.573860480208047807e-01
4.565838366119368885e+00 6.546289834841754196e-01
4.507458741963540128e+00 5.348855874523291698e-01
4.470481536016784219e+00 4.018238091168053749e-01
4.451050143759117006e+00 2.592301562450761709e-01
4.445866260260970648e+00 1.104869307710913684e-01
4.452981174740582304e+00 -4.162023693296861004e-02
4.470968792420679350e+00 -1.947471254698551757e-01
4.498012540755964572e+00 -3.466025581424951318e-01
4.532310207765249288e+00 -4.944593804165249851e-01
4.574129197780225198e+00 -6.347732236200831490e-01
4.627229044143252423e+00 -7.630428070564355680e-01
4.696103200570618696e+00 -8.740815918568257681e-01
4.778698393761580121e+00 -9.627042320501706385e-01
4.856460003888287247e+00 -1.024559159673791076e+00
3.043489679932463332e+00 -1.056622304927790079e+00
2.983766475390551953e+00 -1.057122459175252827e+00
4.942792708396417822e+00 -1.025153238838149461e+00
4.840975279687796728e+00 -9.605093421542815202e-01
4.726182942860232217e+00 -8.640441546563353281e-01
4.621929000858362890e+00 -7.383281645062859111e-01
4.542567551894421740e+00 -5.879092392995430849e-01
4.487040304996808615e+00 -4.188372987600552100e-01
4.446460999701725925e+00 -2.378054912832292533e-01
4.415895594662652357e+00 -5.157467016883268002e-02
4.402061291667406451e+00 1.330484014920916835e-01
4.421357730191504132e+00 3.090699218356156019e-01
4.488875123577681592e+00 4.696930524843341281e-01
4.604247941728514704e+00 6.094012020853195599e-01
4.741604555997184889e+00 7.250953394515912143e-01
4.852341520480774051e+00 8.163679338986267187e-01
4.884655477202741736e+00 8.845913017182641669e-01
4.795375204647513101e+00 9.314150068558232354e-01
4.060855512673128942e+00 9.576379824896288362e-01
3.312355550988542063e+00 9.630526404428361165e-01
5.037538010526873222e+00 9.470338563049500724e-01
4.837958787624966561e+00 9.092158166710012646e-01
4.754353709164622188e+00 8.498149904693389489e-01
4.682492207474725276e+00 7.696460247175694880e-01
4.607092190663905740e+00 6.701089632479618752e-01
4.534629742771058680e+00 5.532982426367744067e-01
4.477511986078990702e+00 4.220943644484168589e-01
4.443657101157723943e+00 2.799933823081421358e-01
4.432840782863557649e+00 1.306651077666688421e-01
4.439530535831618607e+00 -2.250913343270917466e-02
4.458282113253217105e+00 -1.765897674241376225e-01
4.487653494350224648e+00 -3.288785701275432349e-01
4.530369622001371610e+00 -4.765022097890063146e-01
4.588509643673869931e+00 -6.160898703356089134e-01
4.657020607097166476e+00 -7.437746220240653017e-01
4.720039328505841070e+00 -8.554341574816678451e-01
4.751035812179488005e+00 -9.469345445729188127e-01
4.703469753369589057e+00 -1.014228728705924620e+00
3.963327888389812870e+00 -1.053400925260276066e+00
3.355717594803664383e+00 -1.060911758383559222e+00
4.960322310729853967e+00 -1.034244275467241625e+00
4.760308711896566791e+00 -9.727741298217703614e-01
4.673088799336987620e+00 -8.783320830514050881e-01
4.619373050958541782e+00 -7.549775022905532706e-01
4.575862614619100377e+00 -6.080551917791728878e-01
4.527761952325564998e+00 -4.431409118285780657e-01
4.472015570275186924e+00 -2.655815415615516706e-01
4.419396196105595642e+00 -8.087188771237467655e-02
4.389091136362324619e+00 1.046603435020224959e-01
4.399717213605711663e+00 2.836681309981939902e-01
4.462026109876869207e+00 4.485409789762053179e-01
4.574724042036963922e+00 5.928315627484079808e-01
4.721542661938965324e+00 7.125726319095251338e-01
4.868616756289377179e+00 8.067443280938839667e-01
4.962732471928852362e+00 8.766664516749314018e-01
4.923179536694433978e+00 9.246813331832794969e-01
4.321160967411344700e+00 9.527161097193737049e-01
-3.565566141289764346e-01 9.613566302275469155e-01
5.512346001048641142e+00 9.497876179127673346e-01
4.961426814294796372e+00 9.165594672128010156e-01
4.757139382861005572e+00 8.607279880017819629e-01
4.644410459242861222e+00 7.827323640818500960e-01
4.581859580662527520e+00 6.845720392150757005e-01
4.541644047840050824e+00 5.692646371766814095e-01
4.504591799610548009e+00 4.400695192844583103e-01
4.465909804416426709e+00 3.000636569792520247e-01
4.434248926218079312e+00 1.521970227631284645e-01
4.423244272174663649e+00 -4.677709524138232654e-04
4.440971121952831169e+00 -1.546814580420869945e-01
4.484490156483577294e+00 -3.072101713625208230e-01
4.542017374093553883e+00 -4.550394574623391475e-01
4.599988529298650874e+00 -5.953078210358787592e-01
4.648992185041928238e+00 -7.249073983476089778e-01
4.684354714842495326e+00 -8.400793028707529420e-01
4.702274526484686135e+00 -9.363086153910697984e-01
4.690726085073372076e+00 -1.008649554230730550e+00
4.487566700776994821e+00 -1.052367040589538227e+00
3.994459739984989710e+00 -1.063696768957469008e+00
4.866328490786816729e+00 -1.040516262208042386e+00
4.759747581428939611e+00 -9.827567163545189999e-01
4.705179659573534678e+00 -8.924121345473523537e-01
4.651601514694924333e+00 -7.730944998317762495e-01
4.590662865216078359e+00 -6.293844258093758137e-01
4.523604520903369064e+00 -4.663497528533348535e-01
4.459552800663064254e+00 -2.894781953677190711e-01
4.418429343189935743e+00 -1.048937180542174608e-01
4.416763351445637475e+00 8.050893729811249566e-02
4.454788211375142915e+00 2.594023764585852154e-01
4.517255624572609207e+00 4.248551679330629938e-01
4.559941942489992073e+00 5.712934746084655790e-01
4.578483985327920891e+00 6.951287047285817922e-01
